,AF3,F7,F3,FC5,T7,P7,O1,O2,P8,T8,FC6,F4,F8,AF4
0,0.112632026483009,-0.19073179135392732,-0.6685799775469549,0.18732922833558727,0.15221353075689908,0.4416071559732901,0.7345121806647168,0.11352208344521106,0.03917739604944215,0.09395041490082497,0.11588838274284892,-0.004127007702970965,-0.004249552163570493,0.2446932505945755
1,1.1805746920667468,-0.3037177547743142,-0.009473613348537352,0.9406175417666838,1.0308784076033595,-0.23266676612684492,-0.27505599453319934,-0.16301643179004877,-4.3144521049824425,-1.3760362907890116,-0.0864677682110435,-0.5280133120036801,-0.8358129879675628,-0.6783890540075398
2,2.232242708288763,-0.3574298345450586,0.6929945974286275,1.619602157865115,1.7767239665206032,-0.8619126568317312,-1.1750546858637572,-0.4028049447353354,-8.257224809874481,-2.7175396014622195,-0.23259324639785253,-0.8071418290186835,-1.5421016467167903,-1.4336796135853742
3,3.2233146345229082,-0.32406629457961034,1.4241602064591963,2.1581757905200485,2.292739274600727,-1.384707306115326,-1.8661240533666759,-0.5707177189538272,-11.376201911741546,-3.7563755573171282,-0.24807574975062222,-0.6732301526207576,-1.9998873084476816,-1.8926815620871786
4,4.092725904561794,-0.19579851961220313,2.148230523279907,2.499329258398214,2.5109264707100527,-1.752071086641512,-2.277795633748293,-0.6419088624810638,-13.350073348527625,-4.353037285983392,-0.08347772736142854,-0.036857082020224814,-2.1247720283826466,-1.982321940676929
5,4.7638612166045435,0.01189751108285039,2.8064545271870425,2.6003290011165596,2.4006813883957374,-1.9326321842173992,-2.376849951049308,-0.6054138686763185,-13.986032197778401,-4.4217121293147565,0.27505541445252757,1.0926676847292451,-1.8853007738361478,-1.6983590416056604
6,5.151277104251776,0.2617072375920746,3.3212555683478806,2.43757803534767,1.972573622079767,-1.9157176358946215,-2.170887058332741,-0.4658149414369583,-13.240830173922328,-3.9422933998618648,0.8012657385200075,2.6035793259127287,-1.3086588488466246,-1.10677235266413
7,5.1724227698399705,0.5006561310619911,3.606188715197411,2.0106278598548144,1.277054372620923,-1.7120451084451598,-1.7066247331489315,-0.2427276878495412,-11.223547220357748,-2.9637531461375626,1.4311465671661237,4.2949982685994,-0.47704223069291485,-0.3327685267590901
8,4.7626984395085366,0.6700081964718142,3.5803881459679774,1.3446782464303462,0.39823281831263124,-1.3519832964380918,-1.0631180703375809,0.03182526522776653,-8.180020952755072,-1.598462314082688,2.0718688284915574,5.905584344192161,0.484711192099817,0.46085194195364326
9,3.8912982244042054,0.7171338961752242,3.18515824870207,0.49087991580100077,-0.5565363897626296,-0.8816447677564483,-0.34077156315048884,0.31779088901468516,-4.461257422961429,-0.008294881079418129,2.6158584170467165,7.153325960708228,1.4282485832516258,1.1023907143740286
10,2.5748103038477788,0.6071363967939781,2.3997248532862185,-0.4761161494273351,-1.4699906126177003,-0.35733062290102174,0.3524075942595089,0.5726058057911818,-0.4801518183603952,1.615553847592453,2.957778475712376,7.7804746977000425,2.2045493055032677,1.442190953445759
11,0.8856035718653313,0.3319599758544376,1.2530308412027955,-1.4636302193469577,-2.229579856116056,0.16097520038169633,0.9154760468246022,0.7570958998148308,3.3377826431923108,3.0763205852687987,3.011716090523927,7.596724478540407,2.686900787213431,1.3805585436715966
12,-1.0473612018783411,-0.08493749157338633,-0.1711185763131813,-2.3692954481354054,-2.7415443619644306,0.6162828864281145,1.268159123771349,0.840941655813868,6.603410996900351,4.19590325277262,2.7258613282366384,6.513869544208066,2.7904392104509,0.887840583903479
13,-3.0465672222170825,-0.5895329156673786,-1.7373235174319681,-3.091635272291949,-2.9426622860852416,0.9606857693623697,1.361544174627336,0.8069588550514392,9.006706440585157,4.836515991945304,2.0923852450599365,4.566347456946175,2.485279993811285,0.013087163375951172
14,-4.902681404393884,-1.104001953054775,-3.2707193921181363,-3.5417778490439322,-2.8081474159701667,1.160215328858886,1.1844090269622827,0.6536127663087927,10.34826712049785,4.917157466297457,1.1509929249285789,1.9141177380722625,1.8013072762989926,-1.1204137908519587
15,-6.398344458749537,-1.5384202441265697,-4.576930755281883,-3.6548570700623886,-2.3546480457869796,1.1980007313010392,0.7643419556861056,0.3954332304783368,10.556313140596066,4.423023525644035,-0.014384753461625203,-1.1730573329624139,0.8240161774921904,-2.332270455657638
16,-7.336017991383045,-1.805570448530421,-5.467403067053114,-3.399496347315878,-1.6379246181470197,1.0754926855587983,0.16354170277487565,0.06129015772418263,9.68784126510951,3.4069237771136023,-1.2852558051169196,-4.34807307490341,-0.31781316304704604,-3.412225593852933
17,-7.565977221475698,-1.836377668385752,-5.786592924788345,-2.783872257307896,-0.7454900534938554,0.8117324185695346,-0.5300712314089134,-0.30921994326458474,7.914654950933078,1.982740479582026,-2.523157134419657,-7.231293455180795,-1.470611617246945,-4.153249159006509
18,-7.010222427143431,-1.5932856419270058,-5.4369570716060345,-1.857218040298038,0.21481544805138422,0.4408426175420421,-1.2151558082793432,-0.6707770774935475,5.496809071095245,0.31187627191380246,-3.5870674183202556,-9.461434081114106,-2.4778254051772564,-4.38524941846949
19,-5.678444338796347,-1.0791546476102347,-4.397779288654615,-0.706208172832694,1.1287795882362244,0.008076196458764886,-1.790929213820994,-0.9780583569089215,2.747391494081525,-1.415616239641935,-4.3512118733812,-10.74527944851632,-3.201777153361311,-4.004037696063075
20,-3.6731777024760266,-0.33996291172520227,-2.734610096850184,0.5536209579795319,1.8904179429620316,-0.43512589760735554,-2.1708766816226146,-1.1914285073020978,-0.006637107322439876,-3.0030035355177307,-4.720866865490911,-10.899106457988545,-3.542449978875973,-2.990916422069291
21,-1.1827664413540042,0.539396868273541,-0.597361133691011,1.7905254367973096,2.415253213257354,-0.8365494797129144,-2.294308381184936,-1.2818799420925495,-2.4626662847577405,-4.269444336625422,-4.644144697320466,-9.875842599776716,-3.4506390101762774,-1.4197266696682875
22,1.5374850710519217,1.4457921412571233,1.7932977322301016,2.8717615185952297,2.65050887591304,-1.1485581934936628,-2.134204833638221,-1.2346199824680806,-4.3752952850082485,-5.070656888275533,-4.118363907017415,-7.774012494032332,-2.933836679963678,0.5498561215413726
23,4.19385894133798,2.2534850413296295,4.169890898557525,3.67939979534743,2.5809018841705273,-1.3328735033213115,-1.700335241804447,-1.0508885958310161,-5.580355655933088,-5.315403240553917,-3.190378780943586,-4.8271168430256575,-2.0543218679479938,2.691870237808949
24,6.488891126468003,2.842382672253122,6.249556291674821,4.124653371480642,2.2293480428797388,-1.3643487555720664,-1.037319098997954,-0.7478177170887028,-6.007914935763111,-4.975968383481189,-1.9510368532271598,-1.3748612912726383,-0.9200331521534612,4.7436045558443025
25,8.157623403459208,3.1161039915294415,7.7689078282701,4.158787058807247,1.6526080969712496,-1.2334120980545915,-0.21803173796846909,-0.3563860679557567,-5.683521719869828,-4.091449267449997,-0.5246480339009347,2.1797973751722277,0.3302371658963016,6.440796547218599
26,9.000599879251023,3.0170593945005657,8.51774406224351,3.779119248779866,0.9326006946667008,-0.9469879191196778,0.6665832830488906,0.0822470370801207,-4.718359971395638,-2.763431453375246,0.9451029528494004,5.421868198494287,1.5451157196796528,7.553384662085806
27,8.909169343619103,2.5361872093527853,8.367090443378313,3.0292966800730863,0.16469470544548803,-0.5278510432333237,1.519742766291888,0.5215569533987103,-3.290192399599703,-1.1444482629143748,2.3110451795272926,7.976814598418348,2.579856911710274,7.916725371795632
28,7.8797012161630615,1.7158185184901464,7.287791697070228,1.9938161839380892,-0.5553131641816987,-0.012507574341566515,2.2512992089732293,0.915020737516995,-1.6178722642490144,0.5795870270986777,3.4383729177148763,9.557269821016279,3.3140099241644885,7.453966656435911
29,6.014847697981149,0.6452040433485982,5.357124269079242,0.7875621805651309,-1.1436874685761085,0.5521805321145035,2.7887036989320575,1.2213892100379025,0.06727304537827228,2.2110832426132085,4.218754469586758,9.99787458336258,3.665436226435467,6.186657160592247
30,3.511747444501946,-0.5506497613430036,2.752477455554546,-0.4582020332742498,-1.5389949343475495,1.113311362003676,3.084992730978286,1.4092471655429746,1.549747616749639,3.5641747487515127,4.581286994703698,9.273889502611482,3.5991633034528645,4.232416906936772
31,0.6388008064524379,-1.727204367618805,-0.26717536039090745,-1.6115073590553588,-1.7087686191393145,1.6168135091236497,3.122835767443105,1.46034806150582,2.6546729551529324,4.487084531465533,4.499282233378832,7.501526949215775,3.1302727974056275,1.7903216250021141
32,-2.295890811074344,-2.7393307495193966,-3.3897506931138337,-2.554971945515215,-1.6518401061315706,2.012445105748175,2.9143029402435996,1.3713708472349946,3.2663984527872647,4.880693766561814,3.99231920460364,4.920436104451972,2.3207608161346047,-0.8837060448084968
33,-4.980328635544562,-3.460282162546123,-6.284988956958942,-3.1987966021686396,-1.396248980012755,2.2584857695832863,2.496659928527863,1.1539432680565551,3.339093498229772,4.710894667971938,3.1234687813524045,1.8611152134727103,1.270998403191803,-3.5079669621707255
34,-7.134149536592986,-3.79807083519876,-8.641611561814862,-3.4899269758515454,-0.9932882197577435,2.325707406262718,1.92507206461224,0.832982175704212,2.898461942442486,4.012972648501932,1.992049065611048,-1.2980955965750953,0.10699651315095382,-5.80830099920226
35,-8.539566624554773,-3.7070644142361537,-10.202263683325201,-3.4164169673812994,-0.5087794269997088,2.2002626942502643,1.2635172230393887,0.44359299972777017,2.0347633219050802,2.887212886197392,0.7226808393183449,-4.178605596571028,-1.0349090861912968,-7.54936343999659
36,-9.064145996236611,-3.193364633059741,-10.792163440259623,-3.006697075715396,-0.013015537145441057,1.885212433980479,0.5754066580154065,0.026927542059968224,0.8883139283200226,1.4860450992927519,-0.5482449798294691,-6.447557969732342,-2.0241236835883574,-8.560095817890092
37,-8.673023046080035,-2.3134531779665055,-10.338227359489569,-2.3241220629098476,0.42908440664389363,1.400521534027447,-0.08463099030189991,-0.37449413029639655,-0.37052936584565477,-0.005815453357403357,-1.6873213244858967,-7.856495265125212,-2.7507735184168083,-8.750609842979806
38,-7.42957443936656,-1.1665371829398739,-8.876651685564319,-1.4577516324538575,0.7662010737991127,0.7814846018055732,-0.6766194453709703,-0.7214465459858906,-1.564312795558845,-1.3957618434005987,-2.578586724469327,-8.268197192986724,-3.1379500186480405,-8.118978441957728
39,-5.485008664379479,0.11814704104729035,-6.548329113696558,-0.5107305241395949,0.9661628150937729,0.07568994311721655,-1.1780224138809763,-0.982115429650745,-2.531482528540846,-2.509030150092264,-3.136160892834396,-7.668906072177132,-3.149919825298268,-6.74779165653765
40,-3.058630703228211,1.3972240690717581,-3.582889960346282,0.4121654573951083,1.0182489696668624,-0.661216640497036,-1.5832567163139584,-1.1352192307210236,-3.146607242441052,-3.2122647286443415,-3.313643091908558,-6.1651337496944985,-2.7954719204169227,-4.7915929729273
41,-0.41152354682653863,2.5301285417913486,-0.273410220542018,1.2162735301746561,0.9322246596043958,-1.3705674554455531,-1.90028796090746,-1.1718198413637952,-3.335373858210429,-3.4315705288868985,-3.1091363501627653,-3.966195377517168,-2.126109324468997,-2.4573042355895844
42,2.183027930953397,3.3950044859368234,3.0552057685929017,1.826754521433172,0.7345844926416778,-1.9960008918498955,-2.1451313980686164,-1.0956729222746866,-3.0825686020384726,-3.1623682080566415,-2.5651817071320018,-1.3552878104181114,-1.2293450298940027,0.019630288173826674
43,4.4689030229718165,3.9017443848045845,6.080572656650977,2.1953126602895443,0.4628648350339893,-2.488520441642868,-2.3353882422875256,-0.922145854938969,-2.432141083525867,-2.469456885884921,-1.7634324885327854,1.3468636881157703,-0.2178856109403936,2.400437606191487
44,6.233105208073694,4.0008544896447065,8.516137679855763,2.303412883756586,0.1590957657541197,-2.8107369146883063,-2.484053888820358,-0.6758980682937127,-1.4794592713122716,-1.4770722060421069,-0.814522416035945,3.8211315326914983,0.7840616541187593,4.466774884790727
45,7.32572903882179,3.6874342416482837,10.13993992354548,2.1619398572724795,-0.13651594549992024,-2.939836196717361,-2.594733942432425,-0.38765391918051667,-0.3568809614012468,-0.3502078212350553,0.1557891066894379,5.787182216827993,1.655785617125861,6.040752013752275
46,7.672184917720087,3.000168207660506,10.815896006499267,1.8076498503069327,-0.39073979589891505,-2.8689764283126786,-2.6591265407066955,-0.09048659652001435,0.7853378297054098,0.7301807246252014,1.022564910684838,7.034537120463356,2.294619787411237,6.999574464326324
47,7.276881292231014,2.015770119420115,10.505567600373237,1.2970836821094724,-0.5806728588222447,-2.6070283670994154,-2.657229124544332,0.18393572790813353,1.8001346622373726,1.5944709506836725,1.67772920302979,7.444222043714675,2.6282985169756152,7.283893195959803
48,6.2185095665420125,0.8397402940345957,9.269413226664938,0.6988153913772518,-0.6950237588149524,-2.176795901138037,-2.5602718753759164,0.4087130782429364,2.563784513641501,2.11007659942691,2.0440725045016643,6.998953687844383,2.6235876336596218,6.899654649762696
49,4.637924478226639,-0.4054209931934865,7.257640250766721,0.08500317809975166,-0.7334424617091745,-1.6120518049837735,-2.335938795098126,0.5643294957215034,2.9922745797714545,2.201621252891419,2.0852656695235945,5.781178111562598,2.290062553244265,5.913857200964436
50,2.720291276252456,-1.593257313277585,4.6918495226593935,-0.47680421992599226,-0.7043268439241751,-0.9538608559044541,-1.9550728417439993,0.6402744842829975,3.0516227021672138,1.8624184308855105,1.8103894188326035,3.9596435754128874,1.6784766472289396,4.445100742813221
51,0.6736379864433216,-2.6063439153857484,1.8396099651701847,-0.9307534087197972,-0.6217396031014022,-0.24671190311072802,-1.3988180755631818,0.6355559699156182,2.760728590460632,1.155384847787289,1.2722018863806588,1.7664335209630269,0.8738395345123614,2.6501513736324154
52,-1.293812629111333,-3.3479766731039757,-1.0151708555573982,-1.2379812471781797,-0.5021291526464532,0.46506400801858955,-0.6650548819566889,0.5581287844951116,2.186448256589588,0.20313097433321506,0.55924887319423,-0.5326042979887072,-0.015971197840633798,0.7079408594680264
53,-2.9951535954460886,-3.7514722897153128,-3.6027763122250573,-1.3796563427480673,-0.36147116867378126,1.1402328178785117,0.22695531951036818,0.423387122319231,1.431743943324214,-0.8313346379414572,-0.21715859899594497,-2.670415612686992,-0.8746099925589105,-1.1975049997349696
54,-4.282988016750575,-3.7862198342228344,-5.695718629783821,-1.3575604695512171,-0.2132653712490103,1.7427594280834722,1.23458567960153,0.25196435501573017,0.6187989809102367,-1.7703573038015192,-0.9392683484013395,-4.410391909567369,-1.5927636162725662,-2.893747672098726
55,-5.0625644081110295,-3.4599254062597966,-7.131183480796158,-1.1922728340683968,-0.06758178508752574,2.2430447627645975,2.293045626611479,0.06713903310443226,-0.13026784746213926,-2.4498640616341105,-1.5001307909968096,-5.57339429517182,-2.082639817567685,-4.2348867062534765
56,-5.298682570234748,-2.8168546736777835,-7.825431685550896,-0.9192787310988353,0.06889516360724512,2.618411251100106,3.319863964000623,-0.1078413403628469,-0.7121166125630425,-2.7456528122005612,-1.819188645869132,-6.0570305865893355,-2.2894309698490733,-5.113631400548168
57,-5.015874560052704,-1.9322806816085043,-7.778658363466526,-0.5835466578255933,0.19207757955715535,2.8530443185537826,4.22228882130916,-0.2522332766051254,-1.057477787340282,-2.5935881284174265,-1.8538507361583416,-5.8450419667793945,-2.1981353437212956,-5.469593792719223
58,-4.292079730500419,-0.9037492396102246,-7.069951773401733,-0.2332802102048344,0.29931271196442333,2.937634564801035,4.906813896065766,-0.3498366215154301,-1.1407281962866676,-2.0004744823735634,-1.6052804362334256,-5.005886045949319,-1.8347640268956542,-5.293203035792212
59,-3.2467166730251305,0.15987078826166687,-5.843190749175807,0.0863691144531439,0.38824645861367385,2.8689480828788607,5.289712660115351,-0.39044082411350056,-0.9823672286711231,-1.0438289282562194,-1.1175122549492222,-3.6809378607614995,-1.261763839024954,-4.624982617210854
60,-2.024638946256523,1.1503338048621332,-4.285819051177354,0.3388599364736373,0.4560478562931732,2.6494965780623665,5.307288205674528,-0.37059278034825255,-0.6441213656450222,0.13948064742017055,-0.4700415163793926,-2.0640001835944743,-0.5683235412421916,-3.5502986779465044
61,-0.7778864444847919,1.971632507176032,-2.603294227119734,0.5004371081294229,0.49920742096747883,2.2874049051477923,4.924555141723752,-0.2936687716063926,-0.21754311685296165,1.3740124606486783,0.2349547968951003,-0.37485945434432,0.1430250406077336,-2.190057308254806
62,0.35263294729664757,2.5499986964683865,-0.9925172302093601,0.5624672408003364,0.5139647675159991,1.796494915603427,4.141253469232666,-0.16929104489712338,0.1920392393568087,2.4727405278956125,0.8887742501202416,1.169681889213937,0.7715573087529082,-0.6881783034697436
63,1.2534013231031458,2.8411973665283865,0.3823582358758307,0.5317149030526431,0.4972588202897935,1.196524884472266,2.9944141505539816,-0.012177977790003734,0.4836659510955978,3.266070637667988,1.393206207368495,2.383599467079256,1.2330431546276952,0.8030193513092766
64,1.850596347898422,2.8343337079181645,1.40867679784839,0.4285922121055931,0.44795752293332797,0.513444995596124,1.5570972325203511,0.1594441163382534,0.5781209179076693,3.6283613929514367,1.6757606153963867,3.1347595146462943,1.4718172671039758,2.1381446333639507
65,2.1170086207426624,2.551791089255112,2.0362675051365735,0.2836493561365678,0.3680397582983541,-0.2205401253429513,-0.06665353905295222,0.32571128268057764,0.43180040752567406,3.4977957964336555,1.7007356891010472,3.360464312055074,1.468454740217008,3.1932579951194606
66,2.0727700466652346,2.0453582694391055,2.2793801722417357,0.13277102509822095,0.26338692056816326,-0.9673541057848077,-1.7502034621216958,0.4671032266761642,0.044878444157951,2.88646234280678,1.4743951196338247,3.0735247602740556,1.2419144487479115,3.8780697528522254
67,1.7798449468560362,1.3890388778721048,2.209502262843876,0.011688896380728378,0.14389974889126875,-1.6841258711331717,-3.3553047514924397,0.5663643613116508,-0.5375527626830708,1.8790132053424646,1.0434384750976913,2.358171715901617,0.8458281621725077,4.144453447595608
68,1.3310258421291303,0.6694220837705531,1.940220454855535,-0.0494971953055142,0.022779749230462377,-2.3251451068773137,-4.744652089577892,0.6102067100711572,-1.2316055203333771,0.6200458751863245,0.48699803680470793,1.3564258402423748,0.3594910055973761,3.9902577975836917
69,0.8349107228584033,-0.025208817661306154,1.606383641782644,-0.031083926863357248,-0.08501640222156773,-2.844750146110672,-5.7948464792420395,0.5906601699060099,-1.9270877470479133,-0.7078663578823272,-0.09657494918121297,0.24678884214827848,-0.1250773278743728,3.457911315399297
70,0.3989169289574338,-0.6156818238474824,1.3406263157178357,0.07282904568662636,-0.16495817435472337,-3.201022068979881,-6.408522321429445,0.5059648833679046,-2.5044583152819135,-1.9120726139503676,-0.6060245023093447,-0.7818574144369504,-0.5180076989137096,2.6279382013229444
71,0.11271018856037361,-1.0412984931539684,1.2507009304904821,0.2527967932035385,-0.20540872517330816,-3.3599617010690728,-6.524414056110389,0.36093259596881977,-2.853620407264759,-2.8192855207891845,-0.9539737140264216,-1.5575932309660068,-0.7460754223755296,1.60815768091227
72,0.034422501233329586,-1.2665693247004788,1.4009720018097476,0.4846455138307087,-0.1999322297460891,-3.2996558359641845,-6.124273109840552,0.16673705372312933,-2.8916168568095992,-3.3019220171192276,-1.0814481902652493,-1.9502923640722707,-0.764536611558617,0.5199208820036606
73,0.18167596398513897,-1.2844836436268177,1.8008402950095825,0.7322715396021092,-0.1489826717150818,-3.013835952628401,-5.235802681349948,-0.05987326970465077,-2.576451998304637,-3.2972025288984157,-0.9677575771603882,-1.8904949801046897,-0.5644427505348957,-0.5168464607757177
74,0.5287601442511601,-1.1159478085977632,2.401866163034144,0.9523453866527077,-0.060594546474864806,-2.5142248486604255,-3.9311485042348284,-0.2979123215972393,-1.9148720481788266,-2.8160487653280897,-0.6340992918984316,-1.3796615754601795,-0.17428917996019994,-1.397854298212042
75,1.010423135214676,-0.8055577509563357,3.104087710067308,1.1003518658804576,0.050146564285207855,-1.8311653414452906,-2.3209373228603405,-0.5239762088390723,-0.962890444213334,-1.9404836157601806,-0.1402740221270716,-0.4903208082543077,0.3442386311994698,-2.046075871140399
76,1.531764646652341,-0.41438447323686645,3.770669607732289,1.1371641498922511,0.16286616383521402,-1.0122226790321636,-0.5443413554356726,-0.714431214148045,0.18101246975817972,-0.810099841655261,0.4249603756967431,0.6439699190831262,0.9057131823573822,-2.419331899996447
77,1.9828138675068117,-0.01086177664624931,4.248779136071728,1.0352217914378552,0.25468612503105514,-0.11872064756683953,1.2438956841239872,-0.847804293382914,1.3889454711092788,0.40008952383888047,0.9583158060382273,1.8474930208976597,1.4140790178275524,-2.5129575534263737
78,2.2556775893918806,0.33889652258054836,4.393660049201506,0.7833941733085769,0.3036329503908647,0.7795325417385364,2.8881716113611944,-0.9071629094866449,2.5209007368096144,1.506772500955007,1.358815953529919,2.9274520183900523,1.7773463855781848,-2.3573806178919967
79,2.2617632016113673,0.5799959149556453,4.092404509370322,0.3897715372896025,0.2921483377291992,1.6107973945400214,4.2469613644844175,-0.8822376214640657,3.443666583026106,2.3460814507936965,1.5443096059930506,3.701762123821266,1.9215746350225857,-2.011143930776155
80,1.9465703474251952,0.6757027897483949,3.2839717233176993,-0.11808561665019303,0.21015213949979616,2.308494315404993,5.206418687817868,-0.7710291615143375,4.048565251282386,2.7976351875344823,1.4649987861095495,4.025660208532894,1.8020315855974998,-1.5505101531120802
81,1.2998962380894405,0.6115972183649421,1.97254326084859,-0.6955402266017371,0.057170889708845374,2.81798000195488,5.691226961031486,-0.580658113968474,4.265482883575764,2.80128087598673,1.111848226053846,3.8134063544542394,1.4099249161030312,-1.0572178974286686
82,0.3599496891565879,0.39654556717852024,0.23223856741728952,-1.2856340212668793,-0.1568160959857726,3.1021602803478214,5.671578452070767,-0.327265327658244,4.071290266321919,2.3642091401691143,0.5185977716938969,3.0520264346843953,0.7738424704931375,-0.6061695694641142
83,-0.7892841261825135,0.06056115275292686,-1.79760768487977,-1.825588397925786,-0.4119747452334293,3.1452133307658117,5.165573092895349,-0.034858093917257985,3.4916412617743813,1.5577054788918698,-0.24286475994145953,1.805135234821071,-0.044124749824725765,-0.25480099736842193
84,-2.027162900279451,-0.34997019571272603,-3.926147089501389,-2.2541977967242866,-0.6806169086977727,2.9539259885784666,4.236805873632854,0.26688172690161877,2.596138472044528,0.5044400502631892,-1.0729655397475033,0.20623070711237734,-0.9568091665583714,-0.035611576112402454
85,-3.21084596021822,-0.7789152228104946,-5.93206061755746,-2.5191516699277856,-0.9303666939299352,2.5564527866179234,2.9874075740645405,0.5456681365456618,1.487823255766898,-0.6413724923240925,-1.8590406568246973,-1.557717123517641,-1.863542154085053,0.0471494307665924
86,-4.193222275912767,-1.1679036273228374,-7.589348197896858,-2.583343543827162,-1.1280872147855343,1.9986513386745226,1.5472712662109833,0.7702569922534677,0.28873992655597425,-1.717603712147065,-2.491754462830596,-3.2702310329428195,-2.663089677360734,0.01627552679658579
87,-4.841955831976329,-1.4637128587103314,-8.694646035511244,-2.429372664986443,-1.244043936960201,1.3384774661937828,0.06059147728160839,0.9142478006427873,-0.876174728281873,-2.5778487013003377,-2.8807931997207734,-4.713647397729573,-3.266060221416204,-0.08380702405985582
88,-5.057124402681434,-1.6246038879840656,-9.092641413987597,-2.0616934762246695,-1.2557364553768244,0.6391864957142332,-1.3288784827877862,0.9595556794619287,-1.8944899591374518,-3.1114571888040996,-2.9674582557137525,-5.697976592068101,-3.605089737902477,-0.1957063933737384
89,-4.78509354819044,-1.62488802740752,-8.69638072916233,-1.5061858326017,-1.1508755212802093,-0.037758702624773134,-2.492313198302105,0.8990685344205723,-2.6788246718287896,-3.257087517003211,-2.73232946853237,-6.086387757746229,-3.6415503244240512,-0.25957262988999186
90,-4.026754204739183,-1.4572904015842183,-7.499896904790131,-0.8072599295267557,-0.9291119046119003,-0.6391499499130081,-3.3285345648428697,0.7380767047643653,-3.1749636162391743,-3.008088666364569,-2.1969973907802074,-5.8138451069476025,-3.368141231941611,-0.22378405618944835
91,-2.8389959268643103,-1.1329978916779284,-5.581533952139631,-0.022927441920763774,-0.6023147528268833,-1.1250554595789979,-3.77363592566705,0.4942002088358868,-3.364764227271653,-2.4094197193878006,-1.4198362864209062,-4.89635347419945,-2.8073998092233587,-0.054169224420926296
92,-1.329186538453424,-0.6795908700044664,-3.0974991921784665,0.7814784059110362,-0.19341488128140888,-1.471821699538099,-3.8065101262833654,0.19572624904505725,-3.263943867312246,-1.5472064544492505,-0.48674237656297387,-3.4295642198365783,-2.0068038793057066,0.25960543026188565
93,0.356643039418322,-0.1373150938160552,-0.2663816499689938,1.5401002257943421,0.26596556418709566,-1.6727921034533773,-3.449726068611253,-0.12151745338267249,-2.9156404367046282,-0.5331737153319676,0.501470285055446,-1.5769632107486762,-1.0316172270510018,0.7013743629165794
94,2.0503842972504853,0.44568278463648925,2.6535192300057893,2.1930082359584744,0.7387188041916505,-1.736825883360556,-2.7657160560014473,-0.4184186842770523,-2.3812364388787466,0.5131118876338157,1.442874763162619,0.45070832401206,0.04313074531492732,1.2298384804035385
95,3.5810773273217373,1.0184765570247076,5.3913540437348155,2.691540068566431,1.1858363054758663,-1.6850145030930206,-1.8487607043381595,-0.6574558940235877,-1.7302255775910507,1.4811124152431712,2.2472391769595483,2.4219748675143387,1.1401856027586748,1.7836607390573884
96,4.7943474148877385,1.5322151277165548,7.692176412823572,3.0019712233305147,1.5699297116308961,-1.5462204315751533,-0.8137183540505746,-0.8075686262129591,-1.0308399059086168,2.282644448498862,2.8459729889812455,4.1135128612381555,2.1860967038290906,2.2894911930411603
97,5.569658288450448,1.9442345089599053,9.343411833909444,3.107245731114109,1.8583356889732068,-1.3521698374631534,0.21721443427044795,-0.8483688490213077,-0.3427788576752628,2.8598794741210334,3.197987575359389,5.337590791857703,3.115203714365374,2.6717749199560106
98,5.83333888605237,2.2211500547155074,10.196394599521394,3.0068087643278925,2.0255863791601345,-1.132814745065554,1.1282349701233698,-0.7731005874914295,0.28720553582677977,3.1873790219387863,3.291052653166701,5.96454266098642,3.871613994708538,2.8630299834504225
99,5.565936695978325,2.34085065969153,10.180696139385239,2.7148586780035004,2.055159974237101,-0.9125644527579306,1.8226491193472412,-0.589903408973474,0.826764744082044,3.2686885725415,3.139033637975538,5.937501659879851,4.4096924021588455,2.8132839440172357
100,4.803196945458365,2.293468780773519,9.309872819087168,2.257521807896187,1.9405224357647575,-0.7078073173559836,2.233175775634403,-0.3211508499314936,1.25692141842811,3.1289690128026586,2.7760441551471753,5.277700389397915,4.693883419074203,2.497498336314973
101,3.630759108808501,2.081480942215772,7.678274190151413,1.6695203951007571,1.6855168947532355,-0.5259366569353197,2.3287067110730777,-0.0008895821972451143,1.569405389648958,2.8057197987826754,2.2489372422992724,4.079901793049231,4.6987304341018605,1.9200626193472417
102,2.173403328038668,1.7191052568858314,5.449553262362206,0.9908546631735551,1.3041584422413808,-0.3658848242675104,2.116770436510041,0.3293349867157182,1.763362514998253,2.3397645067651647,1.609644885904344,2.4987984367238085,4.409750196926224,1.1157791546894782
103,0.5802891663318823,1.2311272736541308,2.8384023732995445,0.2638826594757178,0.8198683045135906,-0.21997758344239632,1.641426495487705,0.6257517813563345,1.8423548628865465,1.768343386817099,0.9086765873011197,0.7283512103174905,3.8254242661915216,0.14716557068255065
104,-0.9919521660116921,0.6512336127934295,0.08771396500934157,-0.46900177041872854,0.26415590336189726,-0.07676205743443237,0.9768442227643207,0.8480553081176969,1.812303416718136,1.121488855500072,0.19067221098624815,-1.0231044175666322,2.960087281429258,-0.9016619607618019
105,-2.3962232133952224,0.019893239599349192,-2.5562288806992335,-1.167077459911525,-0.32524959741323656,0.07565387322788936,0.21734120318444025,0.9647583337790953,1.680659407235385,0.4220078130438642,-0.5076267603636188,-2.5586808409393655,1.8470432780416983,-1.9338376968095883
106,-3.5100775650942073,-0.6181841591985195,-4.867826374024048,-1.792525712232226,-0.906793853759133,0.24627672294344427,-0.5348914452429124,0.9574772226825766,1.4567195416984162,-0.31145874628046544,-1.157161092321287,-3.7163521386343374,0.5409332618759691,-2.850287779273547
107,-4.24727271660621,-1.2169635743425198,-6.662999947537997,-2.3114081982143717,-1.4379434789811336,0.43844619027149356,-1.1828321420715056,0.8235535597615583,1.152701195217772,-1.0595179430214479,-1.7347152017604628,-4.387035160784465,-0.881717745201474,-3.5606982486698318
108,-4.564599448016361,-1.7322829705317546,-7.8147717054242944,-2.694641002744685,-1.8783435934409636,0.6480596141247853,-1.646768635765123,0.5766353238902957,0.7850156719515172,-1.7968712908535138,-2.22036724140597,-4.525215591076449,-2.32469911762367,-3.9935850027543833
109,-4.463478057208176,-2.1251856984760362,-8.26224475121708,-2.9191599455264496,-2.193078626176797,0.8631255288416342,-1.873960069824807,0.24511562742774534,0.37514257664867423,-2.4885936793591195,-2.595220990745288,-4.151067807150883,-3.677605973248202,-4.104259997775255
110,-3.9864929424698063,-2.36516794008472,-8.012435021346507,-2.969354021785911,-2.355769674147789,1.0647736202831504,-1.8445658143945616,-0.1313831911287423,-0.050387006107549995,-3.0891941061971626,-2.840272461301055,-3.3441947543829516,-4.824612748383871,-3.8797612972165476
111,-3.209649110576024,-2.4330503843333644,-7.135205576646017,-2.8386860488086536,-2.351204846280849,1.2296230631950937,-1.5730871615276798,-0.5070279226795606,-0.46117433620318876,-3.545184011119758,-2.936930057295989,-2.230223452101941,-5.655869634826836,-3.340197631042635
112,-2.2315966202051323,-2.3231333464863657,-5.752274304801071,-2.5312615862087955,-2.177195382297934,1.333191315666669,-1.1051839099097955,-0.83563885869444,-0.8253014163528288,-3.8010807787089087,-2.869253327049153,-0.9623798578288271,-6.080244998779157,-2.5363984277673204
113,-1.1613319282012406,-2.0442945071889405,-4.021833993609857,-2.062990580614094,-1.8453876615860758,1.3538446399377426,-0.5103722382439024,-1.0766255165291891,-1.1125634946713183,-3.8079666597066844,-2.6275043495073787,0.2992780063629617,-6.037679055081309,-1.5442029634385435
114,-0.10593240934554381,-1.6197581116636266,-2.120687987655695,-1.4619449716717048,-1.3808412022784062,1.276679421697269,0.12830878208726912,-1.200202512214236,-1.2980862714512775,-3.5330738249595077,-2.2122223642441776,1.4081265606536761,-5.509222949769934,-0.456113240318767
115,0.8402730088547228,-1.0854048312250237,-0.22593662678817247,-0.7675681022173619,-0.8203001805214051,1.0967018509891264,0.7261443679258175,-1.1911842960596055,-1.3657117680994502,-2.9685102909848644,-1.6378200649118106,2.248131338453832,-4.522975347910889,0.628671733916981
116,1.6040081992005124,-0.486682790429556,1.5018524747569526,-0.028535009627872983,-0.20922925705710918,0.8207515909344415,1.2083776739975338,-1.0508456081212305,-1.3105425222491707,-2.1372573539063193,-0.9347049032917091,2.745850239236515,-3.154596915196486,1.6146589648087197
117,2.138157964481813,0.12561289447556287,2.932368047668436,0.7007283159833265,0.4021632461877743,0.4677849625425306,1.5199537657953437,-0.7965979058177889,-1.140155877868383,-1.094958907893331,-0.1491501900631076,2.876062748787887,-1.5218171764436648,2.419702349430365
118,2.423464606100689,0.7002440545382425,3.9750203777708264,1.3646232311721986,0.9635518511041643,0.06737271587605093,1.632009619540878,-0.4595348416681726,-0.8742096795454549,0.07328800377194525,0.6594659035333611,2.660740391836677,0.22676964414188158,2.982811005751098
119,2.46702764080592,1.1905507771077484,4.583557953394003,1.9115931866768703,1.429301954254404,-0.343457289157353,1.544274108441031,-0.08019873688564806,-0.5424162709677758,1.2610726061106383,1.4239463709574591,2.161996215169342,1.9274378905493594,3.26931436506375
120,2.2981723527585087,1.5589904713645009,4.755824898984065,2.299355111221755,1.762937715259154,-0.7246345770812719,1.2832000698604469,0.29682949321427265,-0.18112057138764823,2.3527935767077146,2.0764868728532972,1.4704274529885115,3.41966763272466,3.2729259677913105
121,1.962489740209463,1.780652034345324,4.5291748892613155,2.4994607476452164,1.940755520195622,-1.0381047639579013,0.8963249320510773,0.628751031408921,0.17106014994611435,3.238077672508516,2.5568108718739797,0.6907917370288532,4.564684690025055,3.014641282106149
122,1.5149591273746235,1.845340446172754,3.9724740869707365,2.5005440207381526,1.9541411011609373,-1.2527932822615229,0.443930510121781,0.8799644801450897,0.47792738778300226,3.8263322735887724,2.819993471613462,-0.07282624998742933,5.261681154669718,2.538784293034734
123,1.0130485074728357,1.7580203262815641,3.175893899446456,2.3097584520189787,1.8102829615968619,-1.348721870862074,-0.010550840092097237,1.026331946914966,0.710060069413272,4.059154901071626,2.8427205941760008,-0.7303044626400665,5.459456196481925,1.906832545970481
124,0.5105626685210861,1.537618045654782,2.2397944724588075,1.9521366254171073,1.5311573793448416,-1.3196365761334232,-0.409818478157379,1.057735022924507,0.8482203153996132,3.918590439803277,2.6269277864554,-1.2155654592994647,5.161826578039282,1.1898607017626883
125,0.052804632287700166,1.2143768200494451,1.263938352515554,1.4678772078784108,1.1508683802640518,-1.1737307385478166,-0.7102604857940467,0.9786238163812069,0.8853215689926369,3.4298393840768613,2.200141347250213,-1.4923855275162712,4.426024367521109,0.46053041277323026
126,-0.32662679180816456,0.8261180243139813,0.3380840638013984,0.9078481164744435,0.7116358913658409,-0.9323482672451524,-0.8867513198510925,0.8065644879253268,0.8266896331508391,2.657886304546423,1.61234581838788,-1.5555678450421893,3.3543010299333127,-0.21447125727554028
127,-0.6073184181933812,0.41387517771361104,-0.46526175794264674,0.32784901125992766,0.2589117258008909,-0.6268760376017203,-0.9341822695416611,0.5690836529355893,0.6886143554568002,1.6984995929222968,0.9297517447981183,-1.427804886177093,2.079944055398078,-0.7807564456754703
