,AF3,F7,F3,FC5,T7,P7,O1,O2,P8,T8,FC6,F4,F8,AF4
0,0.01447832446824375,-0.03485926229782891,-0.011630355675101928,-0.07296529489771941,-0.014881337272669964,-0.010559825990814606,-0.05975653005767996,-0.024353678294609778,-0.08156822542117745,-0.05687152516513168,-0.06902618867496772,-0.030542737764301567,-0.042651161662383086,-0.059164475809602185
1,-1.3807006681694147,-6.291152965079154,-1.5554472768202519,-1.301611275466499,0.42216087266524055,-6.308929603540902,-2.8158702149917723,-3.9750495064474523,-8.473454831845274,-6.403253394936399,0.7947118840354401,-3.9666129710158615,-3.5024596952258817,-4.808800148962948
2,1.3990459351197277,-3.270609027529911,1.2298851405187703,0.20295180127576412,2.544081416675113,-2.8930615242271,-1.6590936138367303,-3.0003483434260736,-9.129517432319046,-5.594149289508804,1.4068084983598763,-1.9140331713318088,-1.6951461731713067,-3.7001573638031764
3,5.21188778749438,4.074246258025463,5.057083667858256,2.3117872125157795,3.8867817244081575,5.31041902200093,1.3416581337650566,1.385267759688796,-2.550104973832812,0.5976417050959367,1.8203905895604378,3.6361237512236153,3.4456559925359924,2.0873381035033116
4,3.5710408740269206,4.4781200251557,3.4706127830226086,1.3284034096995379,1.2182713354220245,6.119511408300042,1.3996580441489144,3.1332178444340784,3.4949413848366238,3.987670459374595,1.1850539754843723,5.078124341618678,4.9790043238092165,5.513479454601874
5,-3.4303534386861845,-2.256833862492641,-3.0755645335153234,-1.8652215885193664,-3.626103403134501,-1.898928165008852,-1.6311209324214258,-0.11853250857961975,3.341117567884203,1.0047215139572319,-1.404993905522426,0.21772018799296516,0.18703743125231892,2.3417300654758137
6,-7.794517445344397,-5.3527853822884195,-6.818813725806433,-2.7753016284977883,-5.126039164891182,-7.685766749914824,-3.028022418378748,-3.4814483869128168,0.02801236316140505,-2.423841796025734,-3.6778177052430094,-4.683106351961606,-5.063666902539729,-3.1520368858954857
7,-3.7512789228743815,0.15442153756130156,-3.11137600663103,-0.10217670120117785,-1.4165361391188354,-3.7886873323383847,-0.18880554267268362,-1.6072754239896287,0.32025005157607644,0.24512087871188204,-1.6595691541866142,-3.5440842361935756,-3.654414679379788,-3.7409621839098466
8,4.222358673385823,6.03478578120099,3.2424460594914124,2.274979600343904,3.005584442364657,4.012979760422264,3.6422303507561073,3.2937613697251034,4.469466699998272,5.580873650089902,3.288284656523995,1.3653790225607767,2.5412685012081946,0.6136120113666621
9,6.818651870838116,3.5255389212411146,4.6854854292227435,1.1929472956977096,3.255108774910918,6.140552500655254,3.990749760405568,4.35005536073319,5.439005957948947,4.375197879236709,3.9797495239739407,3.052797327397666,4.455035019405468,2.7147531663003877
10,1.7638284026232591,-3.7801089414354,0.8182840827426336,-1.250111364682821,0.27035776680095,1.9874999033710412,1.0470522949368033,0.1920333707665438,-0.39888689365029933,-4.109162536851424,-1.8133994612352495,-0.2174373235681786,-1.0712331387136136,-0.9101744226581684
11,-3.829431629299632,-5.725411916155083,-2.2378481853930605,-1.2644003380697864,-1.310879797568909,-1.7524486841010003,-1.4369297856612264,-3.059483123159873,-6.814524383895426,-9.425067583307317,-5.745317881986635,-2.8768616513986114,-5.810913275765654,-4.359566802389622
12,-3.479493731347871,-0.41371420742405823,-1.0408211129214757,0.8616053245088096,-0.02685477667212853,-1.821401070275114,-1.949579749609395,-1.414763247661316,-6.251436656463725,-4.3149636108405005,-0.7695322139638134,-0.626116137782264,-2.022808155182379,-1.3183420607464387
13,0.5055817966878609,3.9636673289145836,1.146419616054241,1.578777191543727,0.9829938100179735,-1.3344216314861799,-2.6236924155567336,0.8807233700986499,-0.9624845086199487,4.8461082096645605,6.493497583809556,3.134358526844159,5.431319542327712,4.744014916989181
14,1.8451268914410377,1.8948938626815595,0.5317421963103554,-0.23135675424938534,-0.393586486108229,-2.570529085490511,-4.201178381934089,-1.1799015583768144,1.0599520506215878,7.290264570020105,4.646790220336162,2.6621358713463246,5.921600939797045,5.3710142709686215
15,0.008039672822855962,-1.7848488948959498,-1.1623967087125218,-1.5759105823521173,-1.780451320903455,-2.7222942749717034,-3.241963160861775,-4.333620591458725,-0.6604708198424732,2.4708361063599913,-4.263156171985753,-1.0925442398822085,-0.9456071060555424,0.0007133961128082608
16,-0.23777402056428187,-0.40367550133239055,-0.2199017773684104,-0.1267317631272016,-0.5528713713635097,0.769937201563791,2.5704556813541215,-1.7316675758461761,1.2021138701543084,-1.5521716818471454,-6.900712835686285,-2.016743803439018,-4.912548921340103,-3.3295099106147106
17,1.9803732580589815,3.449388350440347,2.057213040313104,1.8891634826187726,1.3448640294483405,4.817398126545075,8.74133117005092,5.482846360935989,7.5735988021635094,-1.2783424799953453,0.6169275709980383,1.0192823840797982,-1.0239054302800035,-0.8792171585372793
18,1.618452696100118,1.8398266020962544,0.8894256443529998,0.784900730613077,0.41715819958817485,4.569310685207136,8.070942907923461,8.350662165940069,8.599695198943458,-1.0613283770415127,6.477998085098025,1.8343945867595997,3.02864948981304,1.0458855582497435
19,-3.0937597876567056,-5.106388805961222,-3.5889910906340496,-2.7782615805401245,-2.0682313782817534,0.48442203155414515,0.0655758647027338,2.5236230540026243,-0.9704778741568757,-3.359115241239286,2.007698459437574,-2.773763872014168,-0.28391139890532263,-2.788238257585204
20,-5.847854318274797,-7.59533131524063,-4.925776494361668,-3.9609570921192327,-1.3597952140000507,-2.6819400567024068,-7.873819935508327,-5.6262753926132705,-10.951791350891442,-3.8545750309118385,-5.010716103831811,-6.44159312955462,-5.782576857801957,-6.708166699772978
21,-1.2232076866418706,-0.38283979405718555,0.3633041262486008,-0.2102646987051736,2.884083664450616,-2.879716055042997,-9.182959792367248,-7.7118056378539475,-9.167194463296001,0.6873034446737999,-3.832668008425192,-2.1658410605443486,-3.5483019017836352,-2.4649450055583877
22,6.168742354317554,8.440736483670019,6.64952769617875,4.910057836595319,4.820643030815103,-2.3159106050715677,-4.387119903932996,-3.302880641137825,0.8274491598969903,5.89954811561187,2.319809615528732,6.395223823317561,5.032313640788296,7.059276440854302
23,7.2232254779872616,8.16849974061147,6.265874818140388,5.846561091047099,0.8298323624914307,-2.0770831115530237,2.0570868155459285,1.9810482755242345,6.046602934008353,5.666591553089114,3.4965773220965466,9.126583346366537,8.696408204617262,10.810915171994887
24,0.5910400287271629,-0.1048876977770706,-0.26646638660610594,1.4718739403208063,-4.525861709567397,-0.04557532964545968,6.939157584765972,4.365066745123655,3.4644869387728257,0.5411416790064316,-0.06486734597289706,3.0292645837425174,2.91510325316387,4.665415361695857
25,-6.012892001179249,-6.327024449785086,-5.53029267182328,-4.10681023666651,-4.763615630144388,4.071831023433002,8.27183523217105,3.902558030613695,1.0461818227847375,-4.060134103216648,-0.5017757964287217,-4.767945342472817,-4.335610442747996,-4.160002453754655
26,-5.949840030671684,-5.457115061200352,-5.043333719795895,-6.108559086395243,-0.5271431207210122,5.802344644903602,4.2194569720867054,1.4491573059986484,1.8686852789889952,-5.117099231943944,2.373832545293457,-7.096074143869231,-5.272230994123584,-7.863425140903117
27,-0.6460989137057505,-1.4904307462101272,-1.308950879796195,-3.2998201665634945,2.363924754562302,1.4947148658023073,-3.8528135414311304,-1.8519775757816903,0.47737095071396385,-3.3004916686734496,1.1242585023761211,-4.079408373549345,-2.1918357212612887,-6.211395798661829
28,3.8245362496439648,0.968520766102385,1.4225931922994501,1.4410635368889768,1.7766816025626513,-5.286000863939179,-9.491914427879543,-3.5075315082507883,-4.202264605757446,0.28594502126723237,-4.7422857181344495,0.1337146532970583,-0.7100503084235732,-2.6859555757913416
29,3.78708667416514,1.9965224513441453,2.134441300746675,3.915073634918921,0.7975654912242084,-6.886756089367136,-7.01655089525261,-2.025179007422833,-5.096902617405495,4.102505256719383,-6.367148919935686,2.833268801523364,-0.4661136167155492,1.112298850669577
30,0.5133318191570329,2.660242229218289,1.9587721390826154,2.5922860312888263,1.2474369074089524,-1.0998664197407542,1.0708293331870973,0.49806240799114454,0.34922144721792225,4.91710903489079,-0.08492578248513745,3.3473454033492844,1.5882989326609454,4.4590940713331335
31,-2.3294164559686896,2.077290860535519,1.4254988057118614,-0.011637436449984176,1.1479966133104138,5.652786110461784,6.591766298087014,1.2470550283282111,4.564391878490151,1.1642383458507939,6.009594988685369,1.9450353913052152,3.8244825951517254,5.548150213805428
32,-2.3782110623326873,0.12026258386996032,0.49312983514040476,-0.6415667224679542,-0.7037299908452616,6.0593140083159165,5.719943156407227,0.8452182657791371,1.8958884369423783,-3.510157774313974,4.568664007743776,0.047706133968323905,2.540735379194661,3.603453351096303
33,-0.14236356747283313,-1.1440654019285463,-0.43792157931706727,0.634769325766023,-2.2786309046851554,0.5118581516843199,2.1717135516392663,1.356928814033868,-2.4972910229546486,-3.9401017882746756,-0.41024115984160436,-0.6277584903098579,-0.8513302044865599,0.35413437759977456
34,2.1393616464202783,-0.6862628201070425,-0.9386726961046774,1.06389000759771,-1.8829674017909837,-4.371119359435373,-0.2010553058243711,1.813752633016685,-1.4857929322123515,0.0516452035188974,-1.406787556572567,-0.15960781263650578,-1.5627364291166164,-2.219751268840695
35,2.5869881831667123,-0.17306182798713768,-1.0908822509949854,-0.6604975107572175,-0.6357023340256135,-4.305899777703317,-2.439331888305464,-0.05100462461677999,3.149960422583096,3.8491110727944866,0.9166836648437637,-0.03322652983642396,0.656476145395654,-3.4683359048221236
36,0.8346292632251361,-0.9284285437340801,-0.994786930582984,-2.727933497855544,0.13648326355448992,-1.1783094080042766,-5.479278588105718,-2.774091950361349,4.598903737214498,3.7559476458549255,0.7792474433104563,-0.634496202127707,1.000723043978435,-3.1130902763435526
37,-1.9633460033944452,-1.8686225508143852,-0.6856653770254072,-2.817649925745775,0.9994766701173328,1.342849179211228,-5.734767932641266,-2.673528834062049,0.8062800380569076,-0.07988258604180143,-2.564634142692882,-1.1910109768985306,-2.5320875591080214,-1.4424126429944193
38,-3.7730396005788553,-1.6272198694007436,-0.6360435500488186,-0.893447281477139,2.267829329995147,2.2890105736410935,-0.5844287788323828,-0.00924721735628786,-4.817555353741022,-4.98162148660851,-4.706094411220526,-1.799129180414243,-5.5077866959054305,-0.30166079787347383
39,-2.914882614100575,-0.2551111801608653,-0.8621991510466538,1.3044347060822072,2.360241567260588,2.348946292436394,5.681040210049109,1.25957704741261,-8.35994253001463,-7.1404731539059965,-3.3509416029660852,-2.60612789198982,-3.067987237965659,-0.6674609784939524
40,0.4930531417752894,1.8992516775583963,0.20485233950949652,2.5898276006229914,0.2601016262867401,1.4979775489297598,6.822575140231617,0.06400020236863369,-6.762882710361375,-3.379958655042649,0.13013128685277206,-1.4627182615718328,3.4017143258994227,0.11301777116344203
41,4.090711521321018,4.1591254151610695,3.38650688373855,2.9159127330728003,-2.2939827138914572,-0.34874920822339284,2.9024885538987317,-0.36547804589835786,1.2644078540076595,4.82612404730902,4.100202602378159,3.3431277805808177,7.581197887896808,4.311607963204833
42,4.780158828334149,4.060094800843317,5.415149272362568,2.03951987202698,-2.9350259597771844,-2.1431710746027357,-1.3072664880846774,1.514624778389759,11.088779679115483,10.223311109429076,6.628076470676629,7.777975226795334,5.080816107409778,7.703946071706722
43,1.581259125987066,-0.2124678904973766,1.945902216212432,-0.4744011607958938,-1.5546733389509981,-2.607870081685832,-3.5165226601771886,2.950300141447254,13.46268783661886,6.909598960239648,4.7696259832630705,5.166070922163504,-1.7906313118447885,3.6990460223615638
44,-2.7606350891355054,-5.241989707331136,-5.022170304956045,-3.292674856005205,0.39173939018767134,-1.3258057545084536,-4.421523888170335,1.7539985701091412,5.177379061172992,-1.6653974345320504,-1.0966768163243303,-3.4293001350636025,-5.926287418250597,-5.488767290461748
45,-4.084739124993561,-5.003816428111738,-7.548105759109986,-3.494032366919411,1.9424831497544044,1.1554676950453169,-3.4344949584095232,-0.47322285178324,-5.626147582487419,-6.386605942545772,-5.081261337463883,-8.16208030553433,-2.935309485907066,-9.175722883980804
46,-1.56197929626283,0.2918357989483757,-2.299759252419435,-0.4681508428327969,2.518408744472155,2.955817175786784,0.3304323716230221,-1.872491121727995,-9.91827443856202,-4.505200431008009,-3.319354149481852,-3.699250042679659,2.9767001529918864,-3.071349332792961
47,1.020170819500451,3.211479759721931,3.9637424847502265,2.123846576936924,1.3659053887867363,1.6291916415630365,3.977853984286139,-3.2487615445065496,-8.92991220615522,-2.4119012654675616,-0.6276650563437243,2.52684192519369,3.1359029913705907,3.5517684172983763
48,0.23527485044534033,-0.07771033536448325,3.711324157679964,0.9619287383230826,-1.026946278177262,-2.2008962523902276,3.405261690366932,-4.936912738314409,-8.253316838424976,-4.307281812637231,-2.9844381260666046,1.451212061500955,-4.00204480682604,1.504333269717834
49,-1.8535643711250958,-3.2748274707196723,-0.5704104504448959,-1.5399942812466467,-2.237392999825721,-3.495127025682928,-0.06794328894270518,-4.004087640570477,-5.619554386445203,-4.5031140367610325,-6.066584271423415,-3.488147896825385,-8.78102903370032,-3.892450845195456
50,-0.3893153506079859,0.6634288358439416,-0.8929444243636989,-0.283374296569687,-0.7760028654121773,0.834226413590961,-1.0239175974433914,1.747612620988942,5.057321928822233,3.2387543423455343,-0.5090823925931962,-1.9931048267205986,-2.150337954107116,-1.0678323655440456
51,4.3948893114112355,7.523199673302923,3.2566047333991857,3.9841037442760037,1.2083108835307488,5.5419398005997405,1.2990824855953251,8.570016368332558,18.65724292830345,13.097316074587507,11.304356773821352,6.0041782837974615,10.490675998514952,8.489489135266883
52,5.899275933927336,6.525118485377291,3.9921897164297953,4.228261983409988,0.5676160875394205,2.952866696672276,1.3449707623645784,9.56579540553631,20.075268663073267,12.477349240519564,14.515248753049061,9.182095497593474,13.85692490428796,10.561988969137074
53,0.3032314904118759,-3.579443320982979,-2.0477560705274445,-2.1671972844567473,-1.864081222378327,-4.904130272084531,-3.2130705649721354,3.0438017625747125,4.540483597649714,-0.2583302507270863,2.431246917217829,2.0212910118544274,2.58243643907477,-0.3998395497809252
54,-6.470540993465506,-10.877699540617348,-7.3057835597623715,-7.3900020916197615,-1.9879341737821776,-7.4258615059638,-6.112426663160817,-5.071354503977817,-13.424048623192443,-11.73687519103995,-11.809856433067957,-6.558905276018824,-10.477470231623698,-11.27283000076431
55,-5.867898248756224,-6.045033236903647,-4.158887289424063,-3.5214574475343565,1.2622342032103753,-0.5945323865046798,-1.5328559338065464,-8.285334225373107,-17.986896326171383,-10.589233705597895,-12.325979774753309,-6.5067533475376305,-10.791713590081024,-8.5015378630202
56,0.983443951934865,4.473107173940927,3.355653903239029,4.782457109510555,3.7238450689002054,6.663302159590527,5.979138014351605,-6.274121901873695,-10.812013290485012,-1.7254746901175055,-1.9201107991330146,-0.8803499020111584,-1.259010008371527,2.175402948367665
57,4.527613864017665,7.283704331371408,5.310970030504387,5.950530301145888,1.9561287551951283,5.305498728603739,7.075925795075949,-2.8961633119707506,-3.8737202416071956,2.180591581353978,3.9861138842663624,0.5438986869270261,3.5878487787412534,4.910504639205475
58,0.7973306607816633,0.600779421571599,0.5127464941646467,-1.2561808294615846,-1.6705738278748874,-1.4712401386760245,0.7784892229175175,-0.08222541126641508,-0.4764109898194585,-1.1357545474419957,0.4527144340384721,-2.913969155094146,-0.641456503234222,-2.1049757542365057
59,-3.020491348128976,-4.16677979205284,-2.534460337667397,-5.541549782089443,-2.651158347005004,-4.386658265795757,-4.7600689578780235,3.237025417141808,5.698040365420526,-1.9269526260535663,-2.0508934415570526,-2.5380794080686733,-3.166339305986895,-4.919816554610572
60,-0.24274770333312506,0.27060053448796895,0.6063645498905336,-0.3381608330332467,-0.7815014936764939,-1.4421354986932915,-4.2037783753998035,7.080343917988541,15.385195805911938,5.430467422412949,3.9549884987393398,4.907493149349075,3.6571736073557597,3.3744902207914755
61,4.725526308599021,6.467718325004596,3.6636356227686124,6.033876849754871,0.504957697601483,1.52336325322218,-0.939158033157998,8.442872276901431,18.751798135741378,12.749007815801894,10.857824036282908,10.757884668545632,11.587272565836507,11.416602758636284
62,3.477875696477065,3.6047861406124277,0.21672911202242984,3.289250815210548,-0.10740703404709637,0.8886508667379146,0.3107285965030831,4.478678334612604,8.277425856872204,8.858332613215813,7.314172734822533,6.31884153966124,8.326730643823952,6.792566949365367
63,-3.0684492129517804,-6.218401368398613,-5.666856355270666,-4.99635258848908,-0.44342436506551547,-0.7180052889510059,0.35109066597217187,-3.462588205867953,-9.961141825841773,-4.514257394429295,-5.126689205420694,-4.764951556487219,-4.608321034269347,-5.7102715914806055
64,-5.991149227185197,-10.382216593562372,-5.322126946183612,-6.930917423482096,0.8112041965740305,-0.2943810496611488,1.7159998781188226,-9.974752638287741,-21.56777358148557,-14.059727649735498,-13.516068624443083,-11.095438919234002,-13.657977480311235,-11.529898112726418
65,-1.734110447952841,-2.995570395219779,1.5859560400973183,0.057810537010651766,1.772239308401504,0.8813127077319415,3.0686746248935206,-9.979844682228823,-17.922197937191697,-11.213960531635362,-9.539160553024317,-7.467153457314619,-10.348621334887913,-5.9477188708482895
66,3.297427033413393,7.343740179169966,6.609084761720553,6.267105122700489,0.5929064153533903,0.2873121852583836,1.806776082059436,-3.25045180441555,-3.36910825631538,-1.2662954408106222,1.4545797835403647,0.707441116537774,0.05794727869856727,2.3651669034324425
67,2.940079567486668,9.09549278118555,4.284685601436349,4.2816952319979515,-1.3394783892635538,-1.3028816912666605,-0.9291813866068946,5.06416576706378,9.944330326879326,5.2627874371474785,8.142901906845188,5.674729143021683,7.128630830085026,4.7670982890905975
68,-0.30247482585509633,2.0054864308659184,-1.3522191719050405,-1.6437048587108811,-1.331886750381352,-0.9963187860355356,-2.058991147982454,8.726957842544737,13.286537823380598,5.308927209565134,6.205396075972459,5.377438192165455,7.177159243340201,2.136686814645177
69,-0.680887353177216,-4.378370498112774,-3.4382411651015143,-3.5181357086595937,0.6060607518535207,1.5042446579321174,-1.4012475870764232,5.9295392097480075,8.143195726728859,3.766562790279277,1.1200413789066992,2.675412677942015,4.194579085759428,0.5874111723543822
70,1.4568121786879464,-3.931075665499889,-1.309385011954612,-0.8093190997388168,1.610855840038883,2.907739490884705,-1.112619139023491,0.4456253756172286,2.3317654771826732,4.142725913486441,-0.6033860890207261,0.19181484848049177,1.849156956971807,2.3512667267335425
71,1.0379927616842586,-0.37489240524382095,0.15612601762490325,1.010726540121826,-0.06619612991864499,0.7806929311281577,-1.5979503796069605,-3.019322381467842,0.14206526533261044,3.689583440268129,0.4412800599773856,-1.8187620451180102,-0.98945353970843,3.2436114535489597
72,-2.7916193102143403,0.1650451892064505,-1.5828480757738859,-0.34493498643742915,-2.413824705105928,-2.7895317552671597,-1.1451025061542681,-3.548504558492948,-1.3458879119949665,-1.011666732183009,-0.7938861716963646,-3.6099823000008424,-5.5634235223485,-0.9735163175891686
73,-4.723471917285742,-1.950787223518483,-3.132560832636216,-1.6826793994288172,-2.156672107815416,-3.695607617648532,0.9186070889804818,-3.0109405920015364,-5.443774792324405,-7.1238135959502085,-4.875406299097054,-4.01616124553901,-7.951581945893063,-7.133844492843764
74,-1.174108359007863,-1.8343407513818402,-0.3932380308492387,-0.3733227507601987,0.7720524484476624,-1.0144648612755967,3.2028830307149283,-1.9498155165783568,-8.961915326178092,-7.971033573016042,-5.89111474905587,-1.421958067605974,-3.305778551683817,-6.961148227762824
75,4.373629703735184,2.0119768287402304,5.0780664174188646,2.0891813629247804,3.1006683975561518,2.3550159501678714,4.2060805814572735,0.7981489548643746,-5.914927011032958,-1.80942451530052,0.07135669285420904,3.4139220854306767,5.5309844526202125,1.5971713482641683
76,6.024541285208113,5.685743481718536,7.304595929259814,3.109940924891477,2.6078275056563376,3.589203616732891,3.2688782730880734,4.422511018264754,3.0396972456768765,5.34243751911069,7.8375199799883335,6.452974258364136,9.24251088248179,9.448555093696777
77,2.3603404354831996,4.797676918207681,2.9262581691269536,1.8863268889964686,0.37834756873800035,2.1462245760400096,-0.14204799097842125,4.907184697406102,9.204600500423284,6.549076815236503,8.219262336724892,3.77301469644588,3.556517296216969,6.969172046390737
78,-3.1230336460870403,-0.9200197405589499,-4.704909778084766,-1.1062893220350325,-1.7007669420679101,-1.1025601577879331,-5.411033352773996,-0.31860356694025416,5.781627936059852,1.392836145591985,-0.4720008908425735,-3.306503144576564,-4.9141503357720895,-3.171759135398806
79,-5.885102277538403,-6.898584676328347,-8.661101204741248,-4.128974945321088,-2.9066023065062367,-4.070595038285159,-8.588367458462695,-7.252289571455844,-3.2432291705549057,-4.229202476936966,-9.243127106299525,-7.818337998953572,-6.977211890735018,-9.022838785767764
80,-3.6150637300104305,-7.084445737408201,-5.282673163058021,-3.9817848272496503,-2.543455590553323,-3.657739738647394,-4.9224265688104865,-7.9291043742847735,-7.462322072884697,-4.530870343820472,-8.328949956342623,-4.375563548694323,-1.767200566355261,-4.497805481435458
81,1.6588212305493428,-0.48151318352081696,1.9434688432842182,0.2561674850069559,-0.11048972445468129,0.8171109139819289,4.063694032291575,0.033486880688131944,-2.7414226757227245,0.21371367251332654,1.209941293384738,3.401777005672821,3.608373188342652,3.6321757965183235
82,4.4384626275500985,5.952768968321782,5.875375198191736,4.030179471772552,2.5621849569343795,5.017020095692651,9.647311183972091,8.999307659828922,4.510885849481888,4.207631939135411,8.58718733127946,6.329017837851444,3.4536591425219574,5.531735361244687
83,1.7746450373828928,5.041171057572397,3.7134993867275328,2.6212832339734877,2.7136218393246287,4.043802650672999,6.086728349889097,9.771378649278772,6.80916754572227,3.384223497286597,6.446419335439395,1.6570218789874778,-0.40741399276993995,0.9575358635878904
84,-2.175712087962684,-0.6452492059410575,-0.08983488962277059,-1.348569747164884,0.8343401214066489,-0.8879081308572415,-1.3361124261596387,2.6408163331954215,4.333975406846031,0.4556627520513106,-0.7448588562656056,-3.0377718674739587,-2.0698073056997326,-2.0734081751011733
85,-1.5418974841566653,-2.426607654302643,-0.48485956015111936,-1.5396956060548042,-0.11886965119386789,-3.9008452007542775,-3.7139824151903285,-4.362524096602577,0.9455682708158886,-0.24480567057382616,-4.259105391564797,-1.0858199016629595,0.46738523374578217,0.36256897096069335
86,2.412889059048751,1.208727102784928,1.1776717770903669,1.8454976494178088,0.049656717472301756,-2.479422935179137,-1.266978109585456,-6.6425923928488775,-3.1924612414353213,-0.37039984143533305,-3.003236162450142,3.2320921449919493,2.669350613219002,2.858019560589564
87,3.1490481295406485,2.6862975870450496,0.24324521262610616,2.4270440736175374,-1.2950372827048378,-0.13917027810003157,-1.468039392657568,-6.444744890535731,-8.774889038445242,-3.964277739011214,-2.0533929127288704,1.7083901461769668,0.0831008211656648,-0.26785372210269887
88,-0.8786048105387522,-1.803614320730008,-3.212631813973497,-1.5320907814319917,-3.7504877696015306,-0.23076814547698904,-5.392186584889072,-5.340826537085235,-10.943442494046394,-7.844087744527361,-2.187914640981469,-4.427545712374408,-4.289730660062987,-5.6564675708096
89,-3.936640640059919,-5.749005518040075,-4.302588919779424,-4.133966793968089,-2.9888287027174316,-0.8847589567285068,-4.951155884824472,-0.7161010299590798,-4.0121168840221415,-4.020235021780789,0.7920971054857977,-5.98180274424277,-3.342051012246176,-5.28477133998783
90,-2.1078306636112725,-2.6878992962504955,-0.9989725153848111,-1.5360224140905898,2.0655078113193017,1.259117826097484,3.402987443610763,7.26419124377697,8.004304654128882,6.874747261512303,6.140829707212731,0.12137152167067145,3.2178453129327207,1.9637244361719692
91,1.0735485196486325,3.498993960386996,2.7438213914142175,2.1030815296277208,5.776293766276015,4.659136323624491,10.5188086752098,11.424566669703335,13.411738086722302,12.834365744868185,6.24686960671331,5.9632959645661625,6.612338674643551,7.866523398573348
92,0.8173256210382274,4.5403159058374305,2.78225688639362,1.7221093557654958,3.2254113981474726,4.225613683820256,6.606016018954131,5.953322532287783,7.306365815008627,5.630302700596772,-1.8036946072774085,4.076133723277825,0.8353222681512134,4.891147822912574
93,-1.4292261659511465,0.0094468817013417,0.25697184916819105,-0.8362940784485482,-2.243784261205185,-0.8598513450411324,-3.9286676583514155,-4.1833300898555015,-2.0207983523507886,-7.000213043807085,-9.315173194217994,-2.1723648592767497,-7.5630518266289615,-3.9972625986078794
94,-0.7445984032590752,-2.8942703552606623,-0.7858250518730924,-0.6115023605930952,-3.686100000651322,-4.960678131356129,-8.10932478662076,-8.360225247824134,-4.39148340302867,-10.470337427949115,-6.2941423382855834,-4.005952134019964,-7.075479915536843,-8.139546914484232
95,3.12899454511394,-0.4360509505279759,0.7952849487837863,2.163863811539532,-0.745587346713896,-3.8890497112020053,-2.631474298504387,-4.039332545831953,-0.8315680030284665,-2.1158764581002703,4.628607233247468,0.29131118932806266,3.0238754838112114,-2.070786420235957
96,5.009821265767443,3.0800835397987543,2.2149098900933453,2.7341581485156734,0.7218771771640389,-0.8357480807491596,2.791144501519277,0.8139859090345865,-0.2514267477613854,6.08044969251325,10.600461865968816,3.9061113844290816,10.79572101608334,7.143664169394098
97,1.9189795055482055,2.7130391066859176,1.0069909900878034,-0.2731451217154956,-1.1173807670530436,-0.325400517343376,1.177769104483232,0.17649523866180364,-5.294499253503107,4.328139771389435,4.617653013003379,2.0067237074785207,6.808433580008411,8.31135900571307
98,-2.7169563472632436,-0.5751427488883116,-1.8524122585573823,-2.820103896623042,-1.2998931798676074,-0.46251405516770805,-2.213067593796201,-1.876100931960123,-8.383232769016681,-2.618234199657947,-6.054212743848622,-2.0748748918920072,-4.164113520622177,0.02676163549807853
99,-4.462102605182154,-3.1067374539409367,-3.636332652971584,-2.1379542921887325,2.3419222120715153,2.5712617197717,-0.4405449108024484,0.5418169603582323,-3.551323118107752,-4.450017125211788,-9.548467939420428,-3.216036653293462,-10.016897907589032,-8.21773187823583
100,-3.687250099928743,-3.7782347764249105,-3.1003679401040354,-0.5934655453104098,4.182429483429972,5.831540244414706,3.54274748106137,4.654613310118771,4.323582361357592,-0.4690921259569202,-3.4460356268658465,-1.8352884482965752,-6.109231109514125,-8.254523331124112
101,-2.740425181399071,-3.06278389221916,-0.9395012149069468,-0.6705629728861026,0.13893329426791684,3.455035615344641,2.968647100408579,3.7042976831094916,6.982428493735664,1.9646949140921257,4.389058361344418,-0.995201709328819,1.3456949932771087,-1.6087598492213206
102,-0.7785741327338767,-0.36074620259015383,1.7415877578656158,-0.5264850841961212,-4.4666780923644325,-2.7549745734904487,-1.1576251115681837,-1.4095588758240991,4.609963573469025,0.5186436006525212,6.415625580165602,-0.37383470134791413,4.7979401268696416,4.8232191177780095
103,3.7505029395981166,3.9131945338336505,3.879627327458419,1.911530989628667,-2.9129134835204984,-5.085215177527072,-2.6320336778746425,-3.173730073050674,3.5437382179131727,0.19623082427591412,2.5638076399265146,1.9402334899261526,3.464340636636583,6.552731449062594
104,7.677040295801533,6.2001121229732545,4.13828928630709,4.047788072515727,2.1312533114326198,-1.7416408389084241,-0.5038201529555327,0.615901991175318,4.971971545320661,3.0855173764730535,-2.1897313911567204,4.426316376234044,1.4669739462604372,3.6867265543483434
105,5.803199188775024,3.662679505248364,1.862585032005649,2.3151565012596653,3.276662976326432,1.2431139032269223,0.8215396784454781,3.554849899487866,3.3601801040579273,4.451799629311619,-3.422082731619379,3.8682758970993825,1.357492803318249,-0.5082609389232704
106,-1.2663697134444043,-1.3755386620323022,-1.687816639217262,-1.6527124396935324,0.16677722561475405,0.326586223477633,-0.16114777036737885,0.6627092492209775,-3.9330049957638646,0.9139682071496501,-0.40129788812813866,0.49260130333568936,1.6398506357790767,-2.0156149607643825
107,-6.842860583030177,-4.214344792322759,-4.131271989029792,-3.233853078584805,-1.420923763901527,-1.1561812875797597,-0.7951461245990579,-4.538778107787627,-11.729197287579817,-4.231816732573211,3.4118324306277765,-2.745134994452322,-0.14951560329591052,-0.30919683789927166
108,-6.320496548319854,-3.6440573053903806,-3.964573140751039,-1.682848491585281,-0.003007224795782193,-0.29458301268007103,-0.24925214873714785,-5.748993921343118,-13.267121997322315,-6.391089159424763,2.9737878872601664,-4.473939629952345,-3.693144890938222,0.031123849110455015
109,-1.7767127459883165,-1.9112040634539995,-1.4170682398210137,-0.18218459116532806,0.2648195026533148,0.9495013674841972,-0.33501774307440013,-2.1301644632001344,-7.189618355460914,-5.118488929069918,-2.668344845516286,-4.76730428881153,-5.926128216469839,-4.09063042166385
110,2.216473538306506,-0.32781185839583304,1.8759528229576714,-0.028078296012294515,-1.7876427401749633,0.8436695563827741,-0.6363239605303624,2.3919127690155486,2.8999442096395174,-1.8538814352525748,-7.563238704901346,-2.554686263433594,-4.262629732195839,-7.480664386977431
111,3.647086808027471,1.4683710355206405,3.5689698615313215,0.47469669483225624,-2.1180542156365325,1.0840339485550126,1.146878517660502,4.885496424439685,12.096233168269523,2.938134888326608,-4.861422508468186,2.4921725763843368,0.7478180859231478,-2.697042392991745
112,2.7777700123611737,2.7352161606204533,2.2817625555793284,1.5349437084185396,0.9057385199654978,2.228715080055443,3.6479199704055163,5.111214829360959,15.952031110740803,7.620421274840476,3.9899982289389038,6.722312973856385,5.697686124044512,7.540819459388082
113,0.33646631495526824,1.844925100537987,-0.564613695377264,1.0438933146139313,3.2567312871406626,1.5631285078149786,2.47918919091994,3.3707066662057747,12.085599371799933,8.481308158299393,9.707171702682723,5.63823459415176,7.010150394104714,11.697166855263733
114,-1.986155042986901,-0.542355865991314,-1.9176760304638145,-1.0045186122253524,1.868220685403215,-1.5785138050446321,-2.3611636002871967,-0.10839846873337022,2.339430281689103,3.954745086459224,6.335859700559407,0.030335559469636057,3.8330984767433116,4.732599506963727
115,-1.8646688259995854,-1.5276082374885056,-0.8807617533444444,-1.5039149052149083,-0.7944498414578972,-3.436813181019407,-5.154239849771142,-4.0418488300925945,-8.370582845422822,-3.0058425352701583,-1.7491879754913437,-4.627688716372089,-1.3672072538853,-5.349765809077149
116,0.6560275949388851,0.08140496222077676,0.36563651037201106,0.7863032475390292,-1.3798117588153833,-1.8342195384834206,-2.549005785411209,-6.310000894598731,-15.951007732099859,-8.368908344591643,-6.49436623452096,-4.7526371210291005,-5.140889058188994,-8.877112285851993
117,2.4166283521043903,1.999282444378569,0.2548418793631591,2.740168997133087,-0.5852294975316727,0.08901164038585156,1.7537481210618364,-5.388950742704076,-17.797219443399722,-9.89563958657217,-5.86516445890974,-1.650945675736722,-5.730823179471939,-5.403587405417238
118,1.2441978359163162,1.500920085937821,0.07444525247553742,1.4040230461919652,-0.6470819454196499,-0.5503104616767283,2.909000385640307,-1.25279783262828,-10.926454529268579,-6.163349267437753,-2.9733173914527193,1.5675014659060709,-3.391936204103898,0.03825994982081583
119,-1.133493784899824,-1.1916271024666487,0.9575677937860112,-1.6810152767667441,-1.1819888488506585,-1.3055969401671095,1.3625327555900733,4.136058645452141,4.893770744858823,2.603819136859517,0.6356789008627265,3.0422944449729927,0.6678131445028469,4.558370160645028
120,-2.079902975837537,-3.4119224808685265,1.171032277812064,-3.0168776515232394,-0.4397911313359755,1.2211213305649962,0.33459761783016045,7.18161617149528,21.027284731013147,11.146864777455027,4.853958826133835,2.216161588923132,4.4381995830648915,6.524008964623294
121,-1.7852146420505723,-3.0866584633402576,-1.0207710448889467,-1.9540282222714782,1.3084545809233497,5.107552834148399,0.2776661750860377,5.34171814,23.71435724155588,11.580703118591945,6.5249199361116625,-0.39961840486740463,5.314522813167932,3.191205283871192
122,-1.6504083796177835,-0.5643336252616917,-3.576438658961248,-0.44207114191156593,2.103811443147232,5.326473963851006,-0.4849005697755532,0.11630453577488689,8.897067353949954,2.573587606795111,2.290485354180852,-2.8088019292467883,2.327050853135149,-4.425698306212005
123,-0.9103577326424896,2.1182828820822404,-2.760119212004082,0.5988687070492683,1.0705928128967834,0.6583472536267295,-1.661100666494029,-4.071964678717743,-10.624433663430391,-7.21642612467978,-4.263099244682391,-2.612862905955955,-1.9363130548869243,-8.373339953147317
124,1.9194707788201935,3.205121699890561,1.599774859839809,1.8656094712515703,-0.7452603356247809,-4.897636956258661,-1.267390352191676,-4.45957837596146,-18.383986419659937,-8.626011061392497,-5.412142566461795,0.4347901899673935,-3.6337694537961833,-2.4574014060239424
125,5.085530939002918,2.5155141220227883,5.347877346720007,3.083927095926587,-1.8073978285044205,-6.965854871839736,0.6028138230216055,-2.285668299847667,-12.335406885537113,-2.838108851087835,-0.4889403873563896,3.524463402608882,-2.1609588330890146,7.550283574864106
126,4.556775889462271,1.0639936713529285,4.596627537384022,2.530082442363207,-1.4289758559412655,-4.639968295785276,1.4170119556791991,-0.4462869870961467,-3.8925655000199177,1.2917012464734725,2.6793396175990383,3.345891853629881,-0.4178126051757737,9.233624154486622
127,-0.3865576415826621,-0.32117525185177237,-0.2602306029119047,-0.20338789553824424,-0.02830788904965504,0.15785321957751183,0.04625964525185758,-0.03484566425432249,-0.40372344716147707,-0.22305657720931482,-0.07180493309951791,-0.25887044463232084,-0.2303850989756579,-0.316075670544013
