,AF3,F7,F3,FC5,T7,P7,O1,O2,P8,T8,FC6,F4,F8,AF4
0,-0.07653187346587655,-0.1514856103061873,-0.0750405880513243,-0.024888826014608255,-0.1000784673118943,0.007722492051391619,-0.05987791127229072,0.009870049897292198,-0.05811070996536653,-0.09886378982841919,-0.1689463652872704,-0.12953640332227034,-0.07748461515118474,-0.14864280241185257
1,2.1579160998038143,-1.490051348614487,0.9769886283339467,2.1288936188587635,-0.2587899722722393,-1.1221770472527883,0.32380352707069754,0.25190598817614834,2.9982738541625036,2.9151660800840715,-0.7297467513317542,-0.7932167139793163,-0.7935676898563996,-0.705957055139844
2,0.11147194603806138,1.5665709855789218,0.9472021139499219,0.20814148177525044,0.5885877323451302,0.6066510810298,0.4506114375015861,0.44978635895244384,0.31985118588370937,-0.5963328842072235,0.5734885615952066,1.012791903549026,0.7026842016022508,1.339658586311481
3,-2.248236770307779,0.5830446479676918,-1.600210023584005,-2.1442604040907827,0.1267737677407304,0.9053088533994645,-0.4677622262334013,-0.5135258441484508,-2.8598710061313857,-2.145213235492957,0.6089265332772239,0.49285337055897765,0.48218541664760994,-0.05960445584493632
4,-0.0808054073271129,-2.440996821371925,-1.4064241429575008,-0.4033795425457395,-1.087941165771531,-1.1065576940689763,-0.7479657136771417,-0.7934242684997241,-0.6816286787154128,0.7625296947831642,-0.9843731900302684,-1.8364225549093314,-1.2708547137146253,-2.085876981132672
5,2.436034963957193,0.9396194623055077,2.572674815853594,2.2503411708434085,0.22097048354423435,-0.4489482335447187,0.7560140327308913,1.052171428073699,2.782564353570984,1.0639655161355648,-0.27173563339862405,0.1643143746787851,0.26636825809342357,1.3174938808685577
6,-0.11213368003756816,2.4136571321078804,1.2083802130603298,0.5511676474282645,1.5025903332901627,1.3404457071063858,0.8405816272487964,0.850043033426303,1.082087144558184,-0.18912605391907783,1.3165841713772228,2.446037994862017,1.5725242234907053,2.1022203633286964
7,-2.6501273053981698,-2.5638156989223875,-3.502121901086714,-2.4838191542372763,-0.8518608121497262,-0.1732653938700152,-1.1201411286169969,-1.7636681696349013,-2.932465520919352,-0.25923219994712515,-0.36903989523528336,-1.2110919456105536,-1.4419505380546511,-2.655545302580185
8,0.5688070282704801,-1.4075039197640857,-0.3324649843879227,-0.5176879441766641,-1.5963519401444555,-1.1521319586538408,-0.6212490585671392,-0.4463376077346481,-1.2833396439259515,-0.8810644179263666,-1.3428663346331478,-2.5524152779564417,-1.2703670427654148,-1.3206447215737986
9,2.730029520981535,3.726596864000658,3.9826593052842507,2.7882355961494247,1.656706177137252,0.7861084909403395,1.4189359317748156,2.4085582738348794,3.3216914338512247,0.1592670916836308,1.2557885296097446,2.4850626442305,2.787048798354148,3.619343250586085
10,-1.3244111939697119,-0.3391337864284896,-1.0064616564113438,0.1625073069370467,1.1304472688254164,0.4534900966779339,0.04538889216184053,-0.48849197035903036,0.9835051730733126,1.8623674913091748,0.7879783982846933,1.8765842322172472,0.07846546713464905,-0.08329178965710625
11,-2.445214416415099,-3.996563740458203,-3.7347177634689817,-2.9813734848845646,-2.305860459190679,-1.1186474284148284,-1.4576086369563328,-2.6417545734042114,-3.7151477181242587,-0.7626237606607607,-2.1010772369913187,-3.579778453280987,-3.762267363123608,-3.8502357609708584
12,2.265881083244276,2.342684520003198,2.4263404187835262,0.5516955789132969,-0.06252084916245251,0.6848889895485292,0.8075792149661878,1.808898053095624,-0.018789878074337983,-2.145180938039765,0.4881167400793769,-0.36650416283515735,1.9866959654776815,1.7398140019717798
13,1.5923698945755203,3.2219295283409215,2.7068626050006697,2.8129030009244005,2.3781080762962854,0.8886207418461192,1.06308120091547,2.14822747814205,3.6969889037752632,1.6022460724146586,2.4462648726818665,3.978475427317489,3.7259207742593565,3.2013619971592533
14,-3.1104409781961184,-4.035356067984406,-3.5090554746852978,-1.482553326249648,-1.343673911276115,-1.991824809623572,-1.7227719458570752,-3.126221748445188,-1.4719683874770946,1.4500946097504348,-2.3285108916852435,-1.6709379542090235,-4.462771648024403,-3.2048885103784723
15,-0.13155913623510876,-1.5867930986563903,-1.0975990548567198,-2.0916475026865258,-1.5940494858532586,0.06287402724489166,-0.18069288507624437,-0.8275913512640523,-2.8773380924695555,-1.9760187478656475,-1.8607523386544988,-3.312941616031381,-2.2586103442237064,-1.784192474364317
16,3.4921674511657943,4.9670012534440415,3.948491567255055,2.325349565703667,2.592645278914118,3.049824036380431,2.414648586161111,3.925276637784172,3.0336811171967826,-0.018025462953230154,4.255180984707037,3.637477211819347,6.537241080836576,4.111290850644763
17,-1.7252583821159322,-0.45912163139320256,-0.7175175420981597,0.8113216863791537,0.004065701601649334,-1.6562447326633154,-1.0674641456414782,-1.0844672265449709,1.1289547929603936,1.3257727819412557,0.18377543852443726,1.589939334175226,-0.5493429483746674,-0.08042279573271136
18,-3.1333466762945488,-4.966872743517974,-3.654660825957189,-2.7283219944070685,-3.184562601408905,-3.438931707718242,-2.644150664171162,-3.7898485481092385,-4.060874605134848,-1.4761143503213188,-5.627032501898546,-4.89564452788294,-7.371907079172402,-4.287656015898389
19,3.5493238079903264,2.377721293038674,2.3261596211195203,0.8007233877027176,1.9942352530848544,3.5466704707476677,2.4051607984551953,3.052126079600142,1.2820220286966617,0.4391920423923248,2.3320270160198957,0.7656124108485,4.030206095110957,1.9884693377739964
20,2.0085821675857694,4.189988248725712,2.7671272695925517,2.4506171075820085,2.861653729236734,2.9111874101591404,2.3276285370332097,2.622252344632678,4.069054840964107,2.248212708018809,5.915076969303197,5.063542854256075,6.500797179203803,3.791632003173663
21,-4.85851723781522,-3.749739103676244,-3.4236787432460716,-2.344742015293921,-3.824176789575427,-5.213114898467246,-3.500900282502504,-4.4406046665975385,-3.7540421142778775,-2.8498785919851346,-5.071477317916565,-3.0870362903435384,-7.158602728285727,-3.59652348327741
22,-0.3982726861725943,-3.025203490735499,-1.5743745624138417,-1.4836786867466643,-1.730127250275228,-1.5169081069794752,-1.5801484237670975,-0.7296773120672535,-2.936053190792204,-1.801477920318916,-4.952050899984775,-4.1793917677113095,-4.0899597792711075,-2.8471963302998495
23,5.32959152874938,4.41489688136473,3.894321690112221,3.394566196524042,4.984544016636316,6.135684028364913,4.095623834275899,4.789925006721604,5.581053149134209,5.068919894083447,7.289797746417789,4.758177365261236,8.966957309520508,4.714927096115502
24,-1.211285172950999,1.9140921533306927,0.38635871991034837,0.0774208570760137,0.19734585790265666,-0.37719550908719857,0.6730081669310299,-1.2816830840646505,0.9884694240462788,0.1910829579059535,3.0215129805748338,2.6500511281720556,0.9142792922542885,1.7284012182143702
25,-4.9439037450033805,-4.485167834132563,-3.7984758713111275,-3.663693983636528,-5.249091218434529,-5.994321500474971,-4.100542081015044,-4.020360877810584,-6.250360968566606,-6.2702986497051185,-8.411000448494619,-5.4531372966409055,-8.956061771766707,-5.315391356895616
26,2.332797906954839,-1.173391310381107,0.5686189015572116,1.3415487201336547,1.224430819688796,2.1954486175459436,0.07184493462849317,2.757022731996565,1.1167463301356562,1.9763602232849247,-0.7411512394146699,-1.0352338738040507,1.9464056687328581,-0.6564718565571375
27,3.9889642117358446,4.241954637900593,3.2920024639867522,3.121111143406098,4.7181064089660545,4.809609716820023,3.6262282591099653,2.4640704631335604,5.6644537400187955,6.019506965239738,8.24146359612614,5.205454831114723,7.3018546974037895,5.4698319314729025
28,-2.680581898442452,0.9008170984778624,-1.1739513511880597,-2.3268281885845337,-2.131336700861349,-3.3549578573677636,-0.404002464767261,-3.2621302893026747,-2.664670206471845,-3.8066235223641125,-1.1916907680255207,-0.19269654669387948,-3.5476345414727226,-0.24124358074622115
29,-2.9203509102404643,-3.984247586285561,-2.5416082414975167,-2.0088267654924925,-3.7238306420127367,-2.96187004847895,-2.936086893900019,-0.7123786534998344,-4.17830422825422,-4.4714636899843425,-7.004032134395339,-4.306955650294477,-4.7645619198061615,-5.272491762965836
30,2.27104592746551,-0.9893876288464056,1.387553209041201,2.581886077776327,2.3557702926272284,3.4887669480158467,0.23656614678330315,2.7415186655231856,3.180301052715242,4.514364827569937,2.2587400752639986,0.7875085934408561,3.450786375825665,0.9070469068293291
31,2.160880887710544,3.9044334707841575,1.6915286760635841,0.7515949289485271,2.6653173036819022,1.0664712018754914,2.3447403429738833,-0.6370588107668186,2.4341141406644753,2.297991576243608,5.20223486550183,3.132950519781547,2.353344720922312,4.79624373299478
32,-1.3818029860815746,1.220178791749494,-1.1900920363898444,-2.072988170562573,-1.974082633121023,-2.5972590373102165,0.32488731332062887,-1.5011926469352268,-2.6088816228002147,-3.762342048664749,-2.267513449159417,-0.7295553250645503,-1.8603392646366497,-1.299376634636166
33,-1.937327643685541,-4.037154938971727,-0.8881018119526898,0.20724710494650633,-1.8612853858347622,0.2557801991567403,-2.0995497575706037,1.2078259815458827,-1.0773045289377305,-0.38900487016754826,-3.408069909613142,-2.0051322281236614,-0.9117464071755454,-4.102713666518311
34,0.40295087116120726,-1.3782187577223253,0.5745795400322943,1.0350853784333311,1.2259109565013533,1.0535719608298237,-1.0275669243720806,0.04346419977788526,1.2953005563203204,1.7892705632651589,1.348337489487268,0.14054555802988106,-0.5166286979897701,1.3571650809998597
35,2.2254107279049773,4.28438764933514,0.3176752780068255,-0.5752842931919265,1.4715911829171513,-0.6183368833507409,2.290720929805224,-0.9490762281062871,0.49721541742459496,-0.5243498290658756,2.0824480052803884,1.1446568808718218,0.8141602179952719,3.287461123655437
36,0.33859931627955453,1.3420695085431884,0.4086322061465676,0.1350050568590122,-0.4032601725766725,0.5487391625231454,1.5745419531167484,1.1522409475310957,0.214340711077636,0.7188802886778382,0.15346431743454228,0.803272242426784,2.8012664733380137,-1.0113218041060876
37,-2.8143124094757854,-4.49095124243025,-0.20002327425903235,0.3096829028421458,-1.490084054515285,0.008833489265289055,-2.8277829583123895,0.09004664101342652,-0.7187279384647587,0.1492133436653099,-1.4885709340830349,-0.6927516731596987,-1.8954195932786218,-2.518613806156839
38,-0.6968330493386186,-1.1182081836338993,-1.5907816543725255,-1.04927983871382,-0.2456433058253607,-1.6384944964507284,-1.7419990989557699,-1.7969779309683045,-1.4312011019012367,-2.9354227523497483,-1.8091007765921345,-1.9076091601327925,-4.295958550077088,0.24030464029546494
39,3.4440014138926007,4.5333322601792245,0.7149028232859177,0.40019451941614914,1.7862816807038107,1.2353574675527361,3.4931613862516904,1.0081317142419957,1.4826871690001309,1.3032950452001442,1.6901747357303452,0.7393103125389331,3.61387279831667,2.0304763546993736
40,0.7178729140731054,0.8140440608418592,2.6694368997047846,1.4795481211380637,0.5775199797315388,1.885294069615059,1.4564529854322608,1.8438453935590309,2.0986295458086115,4.222145013433883,3.201819359933667,2.9518368081948214,4.699021638537339,0.8624672933795086
41,-3.9378962998808755,-4.384820927218209,-1.895555819269562,-1.2519267833998755,-2.1717736059787756,-2.596133163074873,-4.044915745722387,-2.015589668110676,-2.44255235738369,-3.2710229520341145,-2.586391568487202,-1.3154779410023278,-5.336710768980871,-2.0584688023011153
42,-0.5539630624675009,-0.565269135081561,-3.275228967478842,-1.4154132521557103,-0.5748947659785226,-1.2951610357468049,-0.7970632291959627,-1.4263612345857293,-2.2017098535115296,-4.3319858642134115,-3.9772875106830536,-3.6793274669225746,-4.108351837368092,-2.054686002829306
43,4.262768201366,4.1291406901106456,3.5562567381297026,1.9818292787482032,2.4717584870346965,3.5967172188331507,4.313627076827157,2.7325741008685975,3.3408068448053827,5.1118741905712985,3.9410329978654053,2.3499387570710306,6.591770301911844,2.7353868448751397
44,0.3396697386859904,0.4518283902674409,3.102565538581197,1.009329934498967,0.326941182716341,0.15470202074322512,-0.06938712210712598,0.7430575796190257,1.8418531260610438,3.4155044881234646,3.877737138172015,3.8281608613623366,2.8582879029838906,2.980182394555906
45,-4.492548071915725,-3.914919990509392,-5.307817568813185,-2.4657014496489293,-2.5822375566691496,-3.9695809934219817,-4.244551656326194,-3.094177961405572,-4.056669681899523,-6.348965804391593,-5.3998645200958295,-3.6260799830381822,-7.17301754337712,-3.9965231265306804
46,-0.1058328324248364,-0.44408954086648905,-2.042760719474117,-0.45353360135273474,0.021826613220156856,1.1274854800343515,0.9753514684002119,0.03628767814597443,-1.0953174399277665,-1.8676313557741038,-2.7896873674894933,-3.2117006274741033,-1.313519827345638,-3.276896446279038
47,4.709165713369877,3.8709255376412925,6.667247130287944,2.720847919236915,2.494758011714514,3.7064926852164666,3.87364414471366,3.1110227542627733,4.5209422004452255,6.783655640371863,6.521920178402659,4.7871129826586625,7.087742333348849,5.548266279264966
48,-0.22092115502838505,0.4088593122097227,0.25262933513872704,-0.13137517887857764,-0.33555847071276185,-2.1932428543560034,-1.8089811860778173,-0.7983146182646451,-0.025007655202024144,0.12403952805458004,0.8052824079780548,1.8191609980960892,-0.25776692638675164,2.7208942739411377
49,-4.908704634872731,-4.023756875192165,-7.218186552118299,-2.824437651684473,-2.281215970858414,-2.995144718369358,-3.267705755397713,-2.808163788802741,-4.599504672151296,-6.460225801157955,-6.85511266896238,-5.41558304400266,-6.427604721927661,-6.932248035157126
50,0.7403983686925787,-0.17603734437025026,1.876840379049152,0.7318477026990788,0.5379935006947204,2.8445222395251877,2.515510256758099,1.4576529705622168,1.4770075630244428,1.4825026006221247,1.7363385161701061,0.118226696137436,1.6850169980982939,-1.3412811583017785
51,4.973439060546277,4.26169417281497,6.754738545147557,2.812091676182878,2.0481452474029678,2.097544441477852,2.475295983844539,2.20926071242322,4.071905776641795,5.548646242379504,6.060549715516657,5.173751822231365,5.274601094630972,7.671356604561955
52,-1.477854907512753,-0.36463443635629084,-3.8405584132002346,-1.3892897110101412,-0.6307287130538972,-3.0603163143788508,-3.058042178255765,-1.9207955583449159,-3.054659216889158,-2.75784139543782,-4.272919412338501,-2.145919370572105,-2.8190624666696427,-0.5539980298609747
53,-4.725904169369283,-4.367694740820075,-5.350882485766172,-2.626932666904167,-1.8825974669346883,-1.2368565658586481,-1.5190272058044276,-1.3659375625904815,-2.7527190978576543,-4.238143635987921,-4.052404969436681,-3.9521582052188635,-3.7039187197064365,-7.440028349211562
54,2.3254247271713178,1.184048038100749,5.179494512201392,2.10427164657782,0.6746109523812377,2.9392815780310637,3.375278198674053,2.086366531613323,4.348096029979836,3.603398960547875,6.1346028103265935,3.70652574107577,3.475307063339935,2.4613749430625473
55,4.030292406839799,4.111815210659314,3.331756105742702,2.1532424503786918,1.8135090707540242,0.5375170284159123,0.42830076192947714,0.3924337994055203,0.6802369757331598,2.6976955055313327,1.0938518722844641,1.9564573369375147,1.8590963775879121,6.187104113448091
56,-3.0613161059810405,-2.0929811799228073,-5.618952931535155,-2.7665654552189425,-0.7458054745669899,-2.613303910512901,-3.370153055878123,-1.8869382941085915,-4.8730794195078655,-3.9634744745569783,-6.737373973709375,-4.329678952097998,-3.4654184733208346,-3.8427329607218015
57,-2.881484453765999,-3.3647164578774365,-1.1643423563193964,-1.3143351575941016,-1.8044267111643688,-0.02895042073991523,0.7133917981081118,0.5365418469591058,1.773756288943223,-1.095528677973187,2.2106971490104237,0.3204839282532181,-0.014458788225851706,-4.1628256205675385
58,3.434770556915388,2.7972749792912213,5.137377459334859,3.1644473568573677,0.8881592039605332,2.1780491424893578,2.942132487366541,1.3388612709448662,4.317122267598717,3.815619450883331,5.7972754917056495,3.8187302743260756,2.7084052814397,4.302345912529223
59,1.4345837408400188,2.1812751095404384,-0.6852553926669736,0.17234800692224939,1.779793666146982,-0.30582172717556394,-1.7401272238787668,-1.2342555109943645,-3.9813255057810593,-0.3740874938589213,-5.0570061322398825,-2.248150704397738,-1.453354609551131,1.8433723864994056
60,-3.2712358435185993,-3.0132443474775017,-3.95151019323112,-3.0789702250727227,-1.0852147233892786,-1.6696064620070192,-2.0516217383445614,-0.5589463327637761,-2.752703262322337,-3.205751940331711,-3.48010875962305,-2.352228109735157,-1.3420595647603462,-3.718718556642869
61,0.03621674941333822,-0.8111545502003976,1.8760833207516636,1.0387968635357034,-1.6717490078622579,0.47134323730374794,2.4198224611848715,1.5691217735174103,5.310490921175907,1.5054881375678253,6.6922564291518825,3.2816015829984684,2.196696653555471,0.21938441591381325
62,2.5484899940942345,2.5977112510487146,2.4373184247560675,2.4150013192486606,1.267051560675118,1.0915646376808588,0.7864731533541012,-0.2677281196322718,0.6725499669944494,2.2850468623416003,0.40576786204037046,0.4462924843540117,-0.2571535466366184,2.2904567971496026
63,-1.2264672854657082,-0.3794010555430186,-2.265669745442988,-1.9814893960054272,1.463056124783984,-0.42693480284238183,-2.52258734000814,-1.5106530873795945,-5.421460305686455,-2.144947084011325,-6.69297313174376,-3.1717681571210252,-2.0652115627903127,-1.577769708668365
64,-1.4149770781430817,-1.6324585842897024,-1.0215269871212718,-1.2913054008058122,-1.3499112041394108,-0.4716222959194907,0.6079466572771272,0.9504903220031589,1.1960082062585344,-1.2989451214634613,2.526897744430282,1.2206886086924245,1.585886701613955,-0.4781474664903842
65,1.8995466584884841,1.0499955583234248,1.9264456858063221,2.35847980841874,-1.201562477495734,0.10298349731480992,1.9237407917444245,1.1314544821351968,4.4390765221427735,2.26311366299759,5.152122568372461,2.0724296502497745,1.2088751471084642,2.043804938447619
66,0.14904841533437366,0.4153170992762048,0.07268277707159677,0.02790271102475231,1.2875410783193082,-0.09098757319241188,-1.7673698587247513,-1.3517712367423853,-2.209002188054723,0.5130739273969895,-4.4502248707739565,-2.0592900888955423,-2.2153302696971493,-1.1510835032533473
67,-1.9594932211720713,-1.0315501017897253,-1.1135134227792385,-2.057784871678095,0.9759847108990963,0.5374237559463095,-0.6985892663895938,-0.5712775183191959,-2.899746471543283,-1.9800817943604658,-2.6769697957376533,-0.4897118129884714,-0.04240850636896247,-1.7618339698861167
68,0.9221572068625168,0.648820169873437,0.19134113849202325,0.9741460759568527,-1.1043832350528693,0.42620335601578707,2.321996226416235,1.4166517468045496,2.088093801013935,-0.11098556923909848,4.854021927464763,1.7951676008460493,1.9796717120914018,2.13532799371877
69,1.4783701620971006,0.40373096934321795,0.1909988584947934,1.2167737999244226,-0.865323755297462,-1.4261601099283834,-0.8463296089713473,-0.012627868125578581,1.4988666538292816,1.5140945856487011,0.17538364296945927,-0.9147806832686058,-0.9253134635192835,1.1528657420928887
70,-1.5168588820713862,-1.2116977072482962,0.2362556546024918,-1.4012822989991307,0.8897869975845493,-0.35707850762019683,-2.0492029038117274,-1.1696014870533806,-1.0187312925649832,0.1267198884531844,-3.7838612232857844,-0.5714284768813505,-1.0478616385690325,-2.306831447075413
71,-0.6738634009935274,0.5371157433209444,0.4761987175163975,-0.1685065165277642,0.8905401244023435,2.358151917746128,2.2439983223236544,0.48558708890283886,-0.7767402644240995,-1.0788950816179896,1.4914580091967367,1.588613221888348,1.3140061327955532,-0.7310643635819524
72,1.4787326354010473,1.1230258427872508,-1.145856764231901,1.1568076839368173,-0.7547242359549348,-0.19823913944320662,0.9948364167478261,0.6910955227961287,-0.4780694001733973,-0.4570879726627447,1.814564983210758,-1.122376750902826,-0.16444522450349786,1.8651889630705638
73,-0.15373667924711532,-1.4051546212653632,-0.6435471881179559,-0.6993779853806082,-0.9962264507782171,-3.0363954739568357,-3.0295607707807846,-0.7558273602242387,0.9099495214478667,0.7948785164326775,-1.8412936513038058,-1.3055839227426138,-1.0300763749432253,0.8613052375554261
74,-0.822230776188245,-0.4832733316132566,2.1798638499474547,-0.3899714303019507,0.7737719215628972,1.1445301436460917,0.5083146972595818,-0.09044871460442583,1.814261205144648,0.943691939895266,0.1958751167265727,2.666329004847887,1.1973417082227753,-1.2810717694541918
75,0.7068914640454541,1.8851166840325586,0.276672793950809,1.0989489092383635,1.073113304769917,3.1864680301452784,2.927945400401532,0.7779302923933569,-1.7043469391555701,-0.6715261765049472,0.9398622074498862,0.23626584399898412,0.2767775525657604,-1.575721136939823
76,-0.2672982345839305,-0.4111883457916326,-2.9645813650182284,-0.5769846120617619,-0.9426366081206515,-2.2048112665371753,-1.950868277082577,-0.5146234890793389,-2.586451855636004,-1.4635709829182724,-1.4617877303507192,-3.572343838095529,-1.7532006513187925,1.0629540788400436
77,-0.7772824557198118,-1.852102149477292,0.4382363331081052,-0.9406089153745758,-1.0107412739636292,-2.685906008903429,-1.973857778794312,-0.5484468079409148,2.761739765116198,0.6647229315067983,0.6655141738511173,1.1592250291683501,0.5828507394619463,2.5517615622835685
78,1.4786179635045544,1.1975418316127777,3.25504612253437,1.3769765405509522,1.1727971723014412,3.0099006276886793,2.8426946708423966,1.0097545911244716,2.682895214436479,1.962298879798297,1.5731050508487168,3.668578408886938,1.7964374268164625,-1.5021963150778859
79,0.31430803585568623,1.405802177956426,-1.1796278547753556,0.34880436814744653,0.7553918088416908,1.637169073969034,0.5007282204818588,0.10203909522351998,-3.6963799642347115,-0.7532402212654008,-2.207069894932967,-2.358862965502101,-1.2240789955412745,-3.2701296576126024
80,-2.4578155169302947,-1.59047777183302,-3.023587890314855,-1.7246877937257947,-1.3270564917367784,-3.243274564400018,-2.9020247042429235,-1.291567327220971,-2.2234555775150975,-2.412374949966981,-0.6154065582924068,-3.1214335893826255,-1.5029075386459942,2.530809537967896
81,0.5418802346501542,-0.8165820459135962,1.6349779562764861,0.3917301060594449,-0.3463156963865385,-0.34132662644779876,0.9961840890407622,0.4883579296014263,4.270405510760638,0.9635737223491803,3.0212085637108257,3.007418136175647,1.5011952769042063,3.268586572383785
82,2.917430889006997,1.4862270903214803,2.4472870790855294,1.506048668469453,1.282113858459994,2.7687999830836936,2.1501099754476294,1.2783090618769475,1.4161240460909623,2.745375406385861,-0.9280626141854031,2.2979950437463708,1.1094677954223982,-3.761911110573202
83,-1.4819776973462828,0.41268902996231244,-1.6318614814667154,-0.9313510745012648,-0.08819320415243227,-0.8151145383168665,-2.053683360878635,-1.1104164323111607,-4.396651156886452,-1.317756221152969,-2.7866543791352494,-3.0307348911349266,-1.4571876896562557,-2.356924875468531
84,-2.7473875905806704,-0.9962471681285381,-1.805192061750808,-0.8178554999193289,-0.9923996699592985,-1.6802337130064517,-0.8768129131115866,-0.9282441725129511,-0.44791321418545366,-2.8331407567064764,2.419554208127073,-1.558738682306071,-0.7723454936477613,4.677879922836875
85,2.118701042823203,-0.4500747763947306,1.191316050846854,0.9704530276003923,0.3779370466924084,1.5027060643241175,2.4018871483842963,1.618767230270701,4.059676278942332,1.749929555578712,1.5865461965270735,2.5916898226563467,1.2215186756630034,0.6918686679513774
86,2.0845423291353358,0.4043222374322964,1.3454985304015077,-0.0495734109134854,0.5261671821209972,0.25689755469649206,-0.4926123715729841,0.2636393025732645,-0.5259165909858156,2.55463831980698,-3.3241465166807354,1.1021401876425578,0.5235668651270325,-4.857490801600954
87,-2.1374556606392403,1.0062217374807572,-0.4863778972351926,-0.3736414316063189,-0.38583584292254974,-1.555339569668455,-2.0305261738814333,-1.8578549664150605,-3.255866496551431,-2.0744391799375883,0.1963461524506541,-1.9397451307996532,-0.8891245986077444,1.3020777717368
88,-1.2896772277632427,-0.0595138642928007,-1.1927673087770916,0.6959177747151827,-0.052501919173238286,1.1425762503071535,1.560153303934931,0.6105265793047848,1.324789831777833,-1.9090935432103429,3.369612862018474,-0.9376065687379248,-0.33214409286458124,4.134015934968728
89,1.4524115282773713,-1.9344728960237054,-0.2577699243402639,-0.7510934899780989,0.07988677886061075,1.0028496948154217,1.1496704332713936,1.7037030941432747,2.0184317104070666,2.056279075116245,-2.0659380570093178,1.2627680107717902,0.4736724062294025,-3.1028545387738773
90,0.8094628093451092,0.23562327303700667,1.33241707555396,-0.75554430763002,-0.22318668299991326,-2.1948338589056413,-2.078129158573827,-1.5090466836717629,-1.709628505744325,1.084671601437841,-2.571379396476921,0.972527832048795,0.1955876071865008,-2.635344356236703
91,-0.2820300661732465,2.90309000255863,0.8604035371169251,2.0549325587854064,0.4338224367755175,-0.033569731742912355,-0.08006039673896546,-1.114659819163798,-0.5048333886663795,-1.5551602558813187,3.5817208152598776,-0.6302939097496373,0.04409498721365316,4.2668353458754105
92,-0.9670960613463098,-1.0063866568947322,-1.660418152908041,0.06088073598003698,0.15278430197879012,2.691328109435281,1.9937940830496972,2.2020739075277387,1.446517804716095,-0.41060067249712523,1.159749748976997,-1.128065851876486,-0.17292457072604991,0.7218365309677605
93,-0.9220165318883841,-3.5165236862741773,-1.2322265482581145,-3.061380642418964,-0.9410987220717417,-1.0808141836604876,-0.8702685980003474,0.16954191525764484,-0.9468674973503801,0.6484984909495328,-4.4547050992160875,0.04005977450541945,-0.6352008485128009,-4.553000926481632
94,1.787887267137002,2.192187827279393,2.053777403469884,1.2529851448459248,0.2737691969995298,-2.567672164636514,-1.4163650317376266,-2.481468254368088,-0.45468745101502583,0.1997388458367849,0.523416687790747,1.39541144649962,0.33253968787348503,1.132789611981159
95,1.6802666253973306,3.478475245405872,1.3657032449841862,3.3635807273479945,1.2092707779834269,2.0615799565369866,1.4924002638346134,0.9309518180571744,1.8822618632542105,0.36113227145164384,4.574074746618245,0.49515081973006475,1.1944374805919045,3.9776867752072427
96,-2.9689330206350633,-3.4133387437219747,-2.4187331555934892,-2.7738251333585864,-0.9046287341400814,1.8933930827080923,0.539037218455859,2.2368255486001365,-1.0612132319162721,-0.5709679679529431,-2.112326136737248,-1.8047323324855837,-0.6703067362829718,-2.478388484058211
97,-1.7222648172486967,-2.7272318705446166,-1.2956862303313081,-2.8181662076625673,-1.1009761955432478,-2.679503372024146,-1.7017151316895531,-1.9120335870881173,-1.922539978052034,-1.0782805274886802,-3.999536848516121,-0.9012002090110053,-1.5974834636483184,-2.802665796858771
98,4.026222976846098,4.237904428989393,2.7003250604971356,3.978840641645837,1.4818483987433044,-0.8417961133832301,0.4396320582519875,-1.5078104923771176,2.6135518607452983,1.3654824016556677,3.284482269024671,2.350703425609427,1.0825039485549288,3.018412202627972
99,1.1176504034748018,1.4768177152787862,1.0652050591362137,1.6299045383993138,0.6567584217236793,2.7903848288762063,1.5105299963297216,2.5113161436468197,0.9861871042993934,1.217905581160795,2.943091850923993,1.0725387656502554,1.793124777136078,1.459290773328255
100,-4.542154188535823,-4.362225281901237,-2.8660422478341827,-4.470189626957896,-1.7610125181903424,-0.3475965228308087,-1.3612323952762282,0.48347712669255516,-3.6143097513284195,-2.2182534212610445,-3.8255438443143683,-2.946424940168243,-1.4291483304490964,-2.708209410642989
101,-0.2211229156914769,-0.13804562086462818,-0.7144940130733872,-0.27033898195843914,-0.09768175272026136,-2.357197971166844,-0.979969341916987,-2.570498279430789,0.6067579048089916,-0.7591024633045247,-1.7315286640483991,-0.9481099012142583,-1.843724399739762,-0.4132371777587947
102,4.369076396166255,3.740714984612765,2.887956473480949,4.158388944518138,1.6411779834661828,1.4132583631962803,2.111538215684828,0.5584731286013138,3.6605617122294953,2.7496936461451655,3.695777057233814,3.4467627698005803,1.6404927635311255,1.7856220228839872
103,-0.5346294276029194,-0.8483102843759001,0.2881537574967494,-0.7352486443449249,-0.26594425300766644,1.460834006483296,0.18512787411897488,2.090379184217387,-2.2431051781404556,-0.04602055669055523,0.7252446830236222,0.5684611194183606,1.8679777598191316,-0.004042867591696844
104,-3.670868276090049,-2.6033992105545805,-2.7390873897646406,-3.2953511412374428,-1.2369459036535317,-2.1249498089066643,-2.6000347413649387,-1.3489326498641,-2.758676426148557,-2.765969765692364,-3.0677782848861397,-3.7238200214129633,-1.7749944682380892,-0.6999053431679567
105,0.8692468804575747,1.1900821168119409,0.1556661086156527,1.0427159815537228,0.18463026702810895,-0.29108800344395935,0.7892240838395755,-1.2222048140083042,3.3041013066710088,0.8161355693853135,-0.19225624406781638,-0.06803160690358792,-1.9243930581000248,-0.26297730076016657
106,2.78872277406946,1.3538379180815006,2.403318960538743,2.342066225634491,0.845789963079951,2.3400539760820975,2.7437027099345794,1.7167507175043906,1.3402457031112163,2.3496750317501136,2.2882103689723263,3.7383610325345424,1.9703327450269132,-0.06026937217164287
107,-0.7698709587241689,-0.8518516637771135,-0.5449840327726175,-0.6249668309543368,0.394234531166212,-0.8917916088006589,-1.8291543356939222,0.20082983227424855,-3.4769835547521857,-1.2513458454734403,0.18421650040698434,-0.3924904953351078,1.9307335042105416,0.9547512893119925
108,-2.0282855389133134,-0.397740928127408,-1.889138046290848,-1.7469739362472883,-0.8150029551830007,-2.0453692099135234,-2.477411451143903,-1.6299055360830335,-0.042442818904655066,-1.7901148044292057,-1.7443782122035745,-3.5572240424101653,-2.3145867065778205,0.18018053576586923
109,0.43431935010174183,0.04563961905210154,0.8028242736686576,-0.25240085650480065,-1.2793366669538677,1.822536075498782,2.7730671610470314,0.7442820614468874,2.907321145253462,1.2857061426835121,-0.4912297342624709,0.7071819960390205,-1.6946789911364633,-1.603460280397404
110,1.507888570981049,-0.015389718213269302,1.2399599642673889,1.7538286116693536,1.3688559577785728,1.3644959805404975,1.79315646386817,1.176307149625154,-0.6285891383109118,1.400227797857294,1.6800707111982938,3.307305968287626,2.7339825637576767,0.32966519603256095
111,-0.10064556676922523,0.88425295499624,-0.8613835102599369,1.1865403331975173,2.111536021328068,-2.304285703048262,-3.4225327787797553,-1.4564165619079459,-2.099937484338884,-1.0960758205022365,0.727801902276071,-0.867984017809494,1.047220819926518,1.7527813581965288
112,-1.1549274733055102,-0.13498754400538196,-0.5392154773730449,-2.3300766128471,-2.4852479285026767,-0.5228026355244069,-0.7863499115876433,-0.505380465337823,0.5589471180765561,-1.332371915334949,-2.057878966280028,-3.09852822077166,-2.9896564548477618,-1.1340989457253707
113,-0.10977204492708924,-1.618679938762282,0.6812472342949254,-1.8297371647603236,-2.5314235183059877,2.2640218127036498,3.5968461789589434,1.8732498759323775,1.6271432751583201,0.9712087501430203,-0.5278204377117574,0.9474712063407585,0.011932403862275138,-1.183313636222415
114,0.8290911572949693,0.6784355775524717,-0.09305686650113544,3.2316392566342786,3.8909803398471396,-0.21977929935472756,-0.3281921898727547,-0.2330370538554433,-0.06738512042312826,1.4988713788774795,2.558504947359283,2.963628628115184,2.7984707309702976,1.7372721560132274
115,0.23198039762635095,1.9829205840289756,-0.27622449614379,2.0202776868869226,2.3533684877680847,-1.771635496976893,-3.2170865027318545,-2.0091348490432126,-1.8134627681789632,-1.1253743300547865,-0.24924556804240974,-1.0366253259373701,-1.2628672711480704,0.021730219429928203
116,-0.46538813924596445,-1.367668764824894,0.5213824548686966,-4.147489787703811,-5.182694329721257,0.6462288890027447,1.2622910123985256,0.9264765752663675,-0.2877232106196063,-1.6351379224102955,-2.7344250691793164,-2.84749942396594,-2.000833744332115,-1.725222984071357
117,-0.37092174406836576,-1.9756777754946246,-0.2650368314882696,-1.8031607998400438,-1.6544240443235,1.0183480532848972,2.3751574589148916,1.9217455761728715,2.5687095947938277,1.5649390776753005,1.4181681871710319,1.1759887372004874,2.3487919604672785,1.3239218489995133
118,0.12733803834805424,1.9979306995966182,-0.6402940261333621,4.8393319448861645,6.011801274844328,-0.6482788961890682,-1.7620701096046842,-1.5110903729417282,0.017608827327853842,1.4606526181432422,2.242422853874928,2.648906908798097,0.6638308342262509,0.9565496287546618
119,0.5730444369085966,1.7115909625650618,0.7817552690089712,1.357076391906874,0.7324514076302254,-0.25994038423069765,-1.3338921645717854,-1.6820921648701745,-3.446126663944119,-2.077478673408087,-2.535220627172455,-1.3187325783679857,-2.939926941425492,-2.3587965044641983
120,0.06073782599108007,-2.469979298741813,0.4316724498235222,-5.2148373117143425,-6.238152984787083,0.26344152548716243,1.7314216502679762,1.9671965420591973,1.0398933573496034,-0.8446845619951736,-1.0314039438541727,-2.2909874836411386,0.9429605054501112,0.39081602882598415
121,-0.7643376164261558,-1.3280345334386805,-1.0865210472227502,-0.8842131781506418,0.04153530742983146,-0.26451287480724917,0.43299026774746074,1.3525147206890311,3.8778810817163145,2.3418300082613173,3.0998579595083267,1.3465561448422783,2.8720312464461895,2.7143553131197207
122,-0.03684272776262968,2.7799277973150875,0.00034232456989311075,5.320581125750387,5.977496999880644,0.3315733455040472,-1.2980378002020758,-2.307470134322637,-2.6396366115286827,-0.11048073044200696,-0.6112711620471837,1.7829378177743753,-2.470299172590527,-1.918509422942549
123,0.8029034595701673,0.9155647375124905,1.0463179151523612,0.5200331100704347,-0.39885862383803616,0.41867945142825513,0.0663838322689576,-0.9708485902551314,-3.457761234830689,-2.0959678031624174,-2.787072315292562,-1.1329486883000497,-2.1829542832274393,-2.277264406852069
124,-0.1256489070727799,-2.9650533394948786,-0.45185122035204106,-5.2796009327794335,-5.526057925983215,-0.88037286931204,0.7674127573113724,2.5579504189979363,4.248708226344356,1.107521359084202,2.1734334369014565,-1.2372730484039902,3.621678008240789,3.179526087731552
125,-0.5997993511896141,-0.5018602886516973,-0.6585411540193663,-0.2945588253626655,0.29071168793267643,-0.22655182626148668,-0.1154261066835439,0.5439338591781359,2.1328842565459736,1.2757175866857788,1.5986828415145489,0.6224442237092305,1.0520791166465533,1.1968388677058481
126,0.25625185372449844,3.0513328321886384,0.7034730932891111,5.21312179704977,5.206151369279929,1.1490909783981644,-0.4727097532094982,-2.732555042342498,-5.293342431219747,-1.7896839267210298,-3.131777109511033,0.8275247176237389,-4.2199783509277795,-3.8348311805188495
127,0.20780975804463545,0.07902244223130216,0.07061854540117524,0.1474057481181557,0.10313400309515415,-0.13440841234215004,-0.0946083244392746,-0.058259438276999,-0.22272295591670227,-0.0568362386162894,0.13007473250255955,0.11864951264757291,0.2884644159842065,0.199459450068393
