,AF3,F7,F3,FC5,T7,P7,O1,O2,P8,T8,FC6,F4,F8,AF4
0,1.2085369321159771,0.698514257988187,0.9080206602942852,0.407669539092548,0.4845756449925893,0.32681011527946807,0.6002182086413119,0.8437281265662385,0.842799564668397,0.980617280606157,1.646957054033978,1.0202095659135981,0.2752779897478114,0.834622556098229
1,3.15082951048419,2.98498208940194,3.977048957108046,1.967789471858476,1.565731744387828,1.461490053593019,1.7757004899698898,2.527839406753154,0.6654510438480414,0.40512889931881424,2.2233039668360584,3.0477843627481453,1.5411803171872311,1.9165425735401511
2,4.871052649736011,5.020896546191138,6.756342434454726,3.3513199858336837,2.5062294089844297,2.476062113545397,2.8619109238960267,4.052190502855431,0.47988343979711556,-0.15518137865317966,2.6710090075041575,4.8621950079136145,2.6286770662206185,2.833649392131767
3,6.197319709999516,6.586638726460734,9.004387722247213,4.410898408430455,3.2089491368658933,3.269325123757357,3.795906235947675,5.294908105785662,0.2864715611328891,-0.6580164664351053,2.949817756467613,6.3204822389805395,3.4150557097794576,3.488246091269243
4,6.989507654517077,7.510797363850402,10.521190476712821,5.031608516955697,3.5984529719202545,3.7605798024198966,4.515889329569148,6.153134002013165,0.0812060546172848,-1.0747345380213085,3.0261329079964243,7.299694246420381,3.8126254371700483,3.804857708696888
5,7.155118495407074,7.690085274712152,11.168182478627962,5.143931606016428,3.629587004672126,3.89862110738646,4.96562929876067,6.5529946049581165,-0.14130501892694097,-1.392444125525945,2.875994342060215,7.708044687525061,3.7802300018668986,3.7395544203244246
6,6.660766750853218,7.1013554051832095,10.882964700901313,4.731772035968578,3.2930852149900933,3.667641323627831,5.100078453802952,6.457308584401041,-0.3843800578661055,-1.6132919532612933,2.48825181709421,7.494955157787965,3.328859254602942,3.2863386287734295
7,5.537812280792976,5.8042818366373865,9.687150350626837,3.8345941333259606,2.6174431297638097,3.0893002606942908,4.8915183123046475,5.8701109045798585,-0.6461301279263768,-1.751219048382175,1.8675515665581668,6.658762878487702,2.520531197268609,2.4796787731910848
8,3.8812562256692957,3.9344358768947054,7.686190869464523,2.543379206017171,1.6667284634993815,2.2206654200204747,4.335306580976639,4.837373440295188,-0.9173891911995571,-1.8269097759513477,1.0366280264401306,5.250858589637949,1.460523763208129,1.3926740386722347
9,1.8417336321720237,1.6876600223545004,5.0608353193175,0.9908220109936747,0.5344502981553891,1.1482247142156803,3.454177154980556,3.443686260170173,-1.181245868674276,-1.8619652277706868,0.03734109908439997,3.3751851455308612,0.28392864404764784,0.13080130476704846
10,-0.38879557375966867,-0.7023158275744328,2.0507331600943473,-0.6631421450107755,-0.6659284470745411,-0.02134183009721625,2.3001053195709265,1.8050917529559403,-1.414377891772106,-1.8734357883222754,-1.070037098009361,1.182404695427367,-0.8617329236203612,-1.178305390804182
11,-2.5963068182251052,-2.9902804736533555,-1.068430466449678,-2.248831935275164,-1.8128326198890887,-1.1725473980665009,0.9529986207707576,0.05869284877497688,-1.5899943706674171,-1.8697296193774449,-2.209594353672852,-1.1413748152053154,-1.8355453416605083,-2.3981003337931126
12,-4.566927020029737,-4.946787293041081,-4.012075603104888,-3.6053184676267844,-2.7894551681520476,-2.1933044293650474,-0.4841203439979572,-1.649962170458871,-1.6818298500647806,-1.8486065734384776,-3.2946325250245234,-3.390696669446094,-2.521346807557551,-3.3980215366240016
13,-6.109664090705977,-6.383009925331655,-6.515340652356208,-4.597781896044627,-3.496206458457293,-2.986544465191944,-1.8932728628417317,-3.180435082433991,-1.6684022403958594,-1.7975458256961312,-4.2343022974086715,-5.360301940712354,-2.8425446363020264,-4.06835423170449
14,-7.077040563037102,-7.170336302592362,-8.3600481993175,-5.131720237232356,-3.861296481408172,-3.4799608586089983,-3.1523448227291873,-4.410477484691684,-1.53670911755544,-1.6963363597913208,-4.9414235678442155,-6.866102088416299,-2.7715904940765386,-4.333264327327537
15,-7.381182032414336,-7.252544080414869,-9.39695756461166,-5.1623989104583385,-3.8482334062978256,-3.6328564412505804,-4.147442947274172,-5.247260188817261,-1.2847000714155883,-1.5213687080180849,-5.340692471080348,-7.765139159264248,-2.3328409914302237,-4.1603206105991415
16,-7.0033894795118705,-6.649367821508142,-9.560679343352502,-4.698525206912326,-3.4593956063515443,-3.439454049277082,-4.7853480126678045,-5.635584366230395,-0.9221650312851699,-1.2508561682646306,-5.376389888735172,-7.972002597327153,-1.5984488507115133,-3.5651769977286327
17,-5.995962246193499,-5.451348251315296,-8.875414364019914,-3.799845376184715,-2.7353087018560713,-2.928446256077064,-5.004495021133597,-5.562241266515321,-0.4700168645733375,-0.8700999386990166,-5.018736000837029,-7.469436208088011,-0.6778947386590929,-2.6106343538949535
18,-4.475942772241418,-3.806897660304436,-7.450721667959177,-2.569096185442134,-1.7497700485798628,-2.158971057579158,-4.782985635191296,-5.056100052956908,0.04177410700922845,-0.3759304733982466,-4.268162827677986,-6.311472924916135,0.29736451243578377,-1.3999771401972936
19,-2.6114155021350056,-1.903392853373153,-5.467691364724397,-1.1394020525192075,-0.6014452047270656,-1.2135646668716527,-4.1424228904871985,-4.183947050139571,0.5771694631252855,0.22040669241362745,-3.1569786840391574,-4.618314304178757,1.1920086655731104,-0.06520120987324876
20,-0.6018965539692062,0.05527662531151733,-3.157055633136325,0.34128709527878553,0.5970436308067141,-0.18893283342500472,-3.146829110380807,-3.042535590148064,1.0975069046985058,0.892420050991948,-1.748151221762543,-2.5632220398466425,1.8852578779564642,1.2485727952876073
21,1.3449068937459965,1.871974412854382,-0.7717759527936003,1.7268260378397435,1.731251801808693,0.8144216015006209,-1.8965172273326854,-1.7477026631885846,1.5649820423111518,1.5997965321484038,-0.13121817539075484,-0.3527781994295632,2.2870862580418954,2.400655618553185
22,3.037193296601396,3.377689081570787,1.4426224437922177,2.88861542386257,2.6968729525494544,1.7025875201933895,-0.5174620309438069,-0.4217390619124271,1.945851917444469,2.291951185977472,1.5843711152930124,1.7971475572809283,2.350079049367198,3.272119017437986
23,4.3210626723896635,4.448628595958596,3.276333704978366,3.728659001720357,3.4101816161597003,2.397547805218273,0.8526323692386859,0.8195690146855912,2.2131458724354043,2.913251984596674,3.277898078827133,3.68666236235962,2.0753593614791055,3.7806073273091005
24,5.097629403033744,5.017234534357532,4.578613058918424,4.188511421967055,3.8158185217545566,2.8444314202023704,2.0798547090892914,1.8787179415815647,2.3487385829574396,3.4092074375494086,4.827180139208554,5.154957279123903,1.5118008744832523,3.890542378812943
25,5.333011900060786,5.07607946905319,5.273165179823484,4.253224648609259,3.8911165271514783,3.015993944086356,3.0491938274785113,2.685664306477787,2.344671235398811,3.732745502818083,6.118568683695907,6.0980315754889505,0.7486347252099302,3.617148667325665
26,5.059829465232431,4.67447653968483,5.363552212337447,3.9500329908003975,3.646593958017922,2.913925002163625,3.6772267577929125,3.2032711609279034,2.2036153271889534,3.8496855569271684,7.056138016648238,6.478482488068287,-0.0975567159938393,3.023517889146327
27,4.36993939590393,3.908497085325423,4.92790981786039,3.342167504979448,3.1227106558397137,2.5669432867247903,3.9206901729447803,3.428365173477756,1.938386363027214,3.7426186852557666,7.569160062113079,6.325920574847408,-0.899700273981362,2.2109068939372074
28,3.3993418204337345,2.905862290606278,4.1037342369705385,2.51877925164846,2.383433661320988,2.026005400162261,3.779814606656212,3.388350273516987,1.5704619505060027,3.412651947691396,7.617173228198783,5.727961171559635,-1.5386403852151715,1.3034811018742523
29,2.307299736142411,1.807761711886817,3.0649263825746895,1.5824055294259693,1.507539721961689,1.3572834415781847,3.296063366350535,3.133970272745763,1.1275623087538986,2.8788073482303767,7.19225576163269,4.813194869810756,-1.9205374763645475,0.4296152549178884
30,1.2525975883546894,0.7499875504917367,1.9944307740545835,0.6356772913270463,0.5788411286594941,0.633819145591362,2.5447443677772665,2.729398799691,0.6405097642123739,2.1752459137023528,6.318461138988355,3.7288170113119077,-1.9907848342754804,-0.29751150002715093
31,0.3703454793504112,-0.15418432744337268,1.056494430225788,-0.23099451082570857,-0.32337944380363914,-0.07309464211578136,1.6237124620288195,2.2412545033102402,0.13976431780427756,1.3468465859407663,5.048711622413949,2.616477970781572,-1.7424003108625772,-0.7970631509743753
32,-0.2472695590080112,-0.827197402504063,0.3726633929794749,-0.9492056593161743,-1.1325177976420087,-0.7017440716568797,0.6399202219532856,1.7283088903895667,-0.34782376594574405,0.44393746233307224,3.459718813310644,1.5902391982731972,-1.2175770365468583,-1.032711332386383
33,-0.5634008784584089,-1.2348691474725964,0.0050955866560951305,-1.478661498085511,-1.8004163093812116,-1.2061015976819232,-0.3041841988909315,1.2335313811156532,-0.8014592916037258,-0.48290780609318834,1.6456603893347634,0.720213131179641,-0.5020190204235092,-1.0177768553837339
34,-0.6002101562551865,-1.3876110016053864,-0.05033126587740172,-1.8089741899265124,-2.3001540240758533,-1.5595230391043053,-1.1225004592534966,0.779712568763198,-1.2075573523972856,-1.387163879357439,-0.28863097593249587,0.02456619721202924,0.28728160218303667,-0.8123474076951861
35,-0.43314739641403166,-1.335189799023194,0.13986834879473967,-1.9571376703433538,-2.625698302724489,-1.7556803784196082,-1.753828054433359,0.3692851838420726,-1.5593583638370678,-2.229131967255917,-2.234306689415221,-0.5287859305277696,1.0191963922818865,-0.5126066295939745
36,-0.17661051236228045,-1.1558791819553276,0.46078482961420897,-1.9612584037311191,-2.7887044071626845,-1.8067530232172495,-2.1661840039355065,-0.011774202329598134,-1.8550856927219304,-2.976951599104428,-4.0844924221221675,-1.0110475503563714,1.568144922581762,-0.23385240094153942
37,0.03692065625331127,-0.9416248215070295,0.7709837564037267,-1.8716293416493508,-2.813146963326326,-1.7392725777948324,-2.3566380053847564,-0.3868052493893043,-2.095077171213773,-3.6059884408728435,-5.7393741965479315,-1.5138061272939698,1.8334738274842195,-0.08973755028627567
38,0.08112826239498976,-0.7814255414485732,0.9287766915475462,-1.740592851280341,-2.7287612504369827,-1.5883333741626398,-2.3471051848578144,-0.7795142667976018,-2.2785960856418814,-4.097088855950639,-7.110337570867773,-2.125834841831475,1.755653332413591,-0.17096554361440677
39,-0.1402842804378329,-0.7454276027113332,0.8187015198515758,-1.6127951935641711,-2.5644204225212945,-1.3910937592985204,-2.177114706039629,-1.2049813305872163,-2.401150568629265,-4.4344204411327315,-8.123278029906965,-2.9094280502467473,1.3267965797014412,-0.5268957080240168
40,-0.673946309328353,-0.8721813810725995,0.37394010281193585,-1.5173604021637606,-2.3425531796848396,-1.1805654174870919,-1.8949582267969076,-1.6624132281160624,-2.4530798944530625,-4.6036762967044345,-8.721279671407506,-3.8804913118067033,0.5937732783531026,-1.1532004432427996
41,-1.5046935939193282,-1.1611003512182407,-0.4090156605751458,-1.463204282298087,-2.075514088257048,-0.9806096317525972,-1.5487669736035583,-2.1311307592672044,-2.419907675853319,-4.591297761922962,-8.866846390717265,-4.996151329914245,-0.34675853526041817,-1.98789185370857
42,-2.553206435776238,-1.5714268894103929,-1.4659633031464414,-1.4382062805076472,-1.7644810969714386,-0.802848883133104,-1.1789609702871202,-2.5707077262953844,-2.284570835796276,-4.385097406679006,-8.543780235351106,-6.1525559246222885,-1.360889755056759,-2.916801743556029
43,-3.684197399625337,-2.0280383971038787,-2.671772884388716,-1.4123328084533795,-1.4010235836274145,-0.6458992199597101,-0.813188031130673,-2.925438542223785,-2.0311987284882864,-3.9763048755281214,-7.758668982511022,-7.193953733157104,-2.295907220955949,-3.788135311407123
44,-4.724293946829584,-2.4333577295898072,-3.857503481999713,-1.344160736444074,-0.9710299325589112,-0.4969814914128757,-0.4643849260116849,-3.132529720236027,-1.649735596183679,-3.3626888336273515,-6.541807236056591,-7.932316355876122,-3.0020658949034167,-4.434250958867888
45,-5.487197837764708,-2.683629012690775,-4.835346772600662,-1.1896903316565044,-0.460281101872592,-0.33562273902843914,-0.13203107337478864,-3.1327189490071654,-1.1404521502616096,-2.5521014744692776,-4.9472653096194215,-8.174980019707473,-3.354544433373461,-4.697582090820893
46,-5.802469832004463,-2.687051825418612,-5.42761732124004,-0.9119559448739795,0.13932907450338772,-0.13885102165807472,0.19388316991225235,-2.8815408402026432,-0.5173304586297346,-1.5656102437610615,-3.0517656174151893,-7.756333312214618,-3.2723482286911554,-4.456820326040565
47,-5.543595937542286,-2.38087610074162,-5.4953268617738305,-0.48980559225398296,0.8240502785943172,0.11294646522934285,0.5270983282118696,-2.3592701162444922,0.19054872678926452,-0.4393716908721562,-0.9520521750370281,-6.568713759679247,-2.7313221680377224,-3.649273124936761
48,-4.650971839922487,-1.7446332925925012,-4.961904273138206,0.07564805246921276,1.5740772182870997,0.4304564016224265,0.8787344202713532,-1.5777282877215864,0.9401485354729895,0.7754165518529388,1.239438182525442,-4.587561941718991,-1.7692803151085024,-2.2857536657385724
49,-3.1461149385651495,-0.8072209187934813,-3.828350018826419,0.7580266055558841,2.3517431685364834,0.8111074431854229,1.251596168852516,-0.5826261942885819,1.678202045311877,2.014803824479177,3.4005790654337025,-1.8865561221664269,-0.4824280385417025,-0.455406087039884
50,-1.1346753951503417,0.35351607069558816,-2.17741645213543,1.5067036748977234,3.10260450736817,1.236764666323739,1.6362168696112172,0.5491493520204765,2.347051442637565,3.2064962377378605,5.406937415636631,1.3601854019373916,0.986443714729751,1.6806481583937316
51,1.202535427479911,1.618905296489273,-0.1660605075356881,2.2517784924349185,3.759497392232664,1.67396144803017,2.0093767588607245,1.7170497012563963,2.8916789581326086,4.275845933167546,7.1399762437142975,4.889909389561675,2.4662885900432094,3.9062823271338316
52,3.629510093500519,2.8442633552422114,1.9928468332758686,2.9123363821318633,4.249219059265826,2.0768083927212277,2.335382223537125,2.808130157874315,3.266737685356762,5.152566154057633,8.495325707342747,8.376093468140606,3.780012232023923,5.975802486175151
53,5.883392681168498,3.8783432753412517,4.057014339958163,3.406837110351988,4.501099549725041,2.392309248874537,2.56992700658627,3.7104263787608938,3.442363345257741,5.777188321216077,9.390300441372249,11.463527832272563,4.767390103202069,7.644440253444412
54,7.70736633804318,4.584593035308364,5.785735121157416,3.664163876745511,4.456429981206241,2.5674281624086723,2.665955534364358,4.32650988402931,3.407768442957501,6.106349119746375,9.769905587408989,13.80927161156249,5.305500615510938,8.699745122720106
55,8.88357407603445,4.861074932413535,6.971110284440177,3.6337744031508517,4.077537094294584,2.5569519922163604,2.580669316927663,4.585333195818556,3.1720365054940087,6.11624070242256,9.610753485267788,15.124256236613396,5.3239260122684025,8.98958754386698
56,9.261555361677953,4.656045077350268,7.465218783330545,3.2935256277978087,3.3552645221127797,2.3310239170107354,2.2826865753379484,4.4508134145963885,2.7620548472905244,5.803909498207211,8.922565084459018,15.210142974190475,4.812807036608113,8.44296058287629
57,8.778312247439986,3.9768007131099057,7.19957376544368,2.6540681498410166,2.3137465028082365,1.8812169926024545,1.7583769233171813,3.9261511066918784,2.218039843530932,5.186465722595232,7.747205353553684,13.986604042140993,3.8229129878584702,7.080770373714936
58,7.467290805776475,2.890377449851504,6.194310523927097,1.7591742846352452,1.0116301074713312,1.2241715854170907,1.016518894967751,3.053527172373437,1.5875155966101941,4.298587306176963,6.1554554146726534,11.505396598000894,2.4580345235026995,5.015181318879275
59,5.45510466830227,1.515872748686301,4.555983917156008,0.6819095287465786,-0.46070715264607315,0.4021201829347371,0.09063396335475431,1.9094514500089008,0.9188315377516176,3.1889097454271695,4.241921796103156,7.949269294991406,0.8610503546959822,2.4376323097963626
60,2.94651642799508,0.009408329125943776,2.464409988763858,-0.482889319209015,-1.9879250547669385,-0.5199694629175396,-0.961394194710038,0.5965588602985511,0.25531641067344013,1.9159575657285746,2.118603737548773,3.6156570624519686,-0.8041885676194,-0.40285486240108487
61,0.19978394706121277,-1.4561662536546747,0.15044655619062428,-1.628879103487673,-3.4399529184312416,-1.4604380626086602,-2.060528043301261,-0.7670030911450324,-0.36902241522739054,0.544193839208824,-0.09232535853466585,-1.112978131033382,-2.3725794997805147,-3.2282049403691113
62,-2.504261654622755,-2.7139555711221757,-2.132235318417552,-2.649916879899919,-4.684697068760316,-2.329513071877999,-3.112445697073323,-2.0593050195584035,-0.9316866619419015,-0.8594290484952484,-2.2660078855965007,-5.80867180415736,-3.6964841792702385,-5.762963111690422
63,-4.895289038108859,-3.6248794953286883,-4.137637234628176,-3.451740527647903,-5.601861505970423,-3.039384905947419,-4.015642459338612,-3.1662342185997754,-1.4216153011851964,-2.2282833591802627,-4.282237762401135,-10.042706506277048,-4.66117591522435,-7.765121473324415
64,-6.744419954038317,-4.095654468788112,-5.656259521340291,-3.9621908876189105,-6.096297188263302,-3.5144949515439303,-4.671102069124782,-3.9918876382965216,-1.8371230508530254,-3.4983401912510366,-6.032308600602861,-13.430397948112319,-5.195376598451057,-9.05234573529757
65,-7.8892254723330995,-4.090425587604264,-6.53871252941802,-4.138762698720341,-6.109262034109371,-3.7006808025983267,-4.992684127398417,-4.466934210676878,-2.182453953753431,-4.610142169094269,-7.4250998510131705,-15.67081736156397,-5.276016531500899,-9.520560648258996
66,-8.249852977499875,-3.634509769121722,-6.711366826171618,-3.9726363802284332,-5.626147851070501,-3.5719569367156625,-4.91724007216122,-4.554382378844868,-2.463753068102356,-5.51073523390017,-8.392139921904926,-16.577030574115287,-4.927141708468166,-9.152911474775808
67,-7.834632648636562,-2.8098335073573497,-6.182414023578296,-3.4887992248179494,-4.67960289226271,-3.134027769998676,-4.413408456347709,-4.252424653446425,-2.685295245096256,-6.1557293750641415,-8.891368477403761,-16.093606378143807,-4.213595270005218,-8.018372280190878
68,-6.734920965562661,-1.742801895294871,-5.0379724887949395,-2.7423533450516837,-3.347510475311474,-2.424082994788893,-3.488062907025472,-3.594231154990703,-2.846689723420491,-6.511494500136802,-8.90930614854308,-14.29966427028645,-3.230641440250951,-6.260556550937153
69,-5.110305920106291,-0.5863618514209616,-3.4291132307080954,-1.8115687729911174,-1.745908204195521,-1.5069349421471316,-2.1895013748997716,-2.6447402688414967,-2.9415396292534135,-6.557318999157267,-8.461367143315677,-11.397417014716554,-2.0910482970240265,-4.078447586113717
70,-3.1664554905335724,0.5012101078848492,-1.5517531447350474,-0.7886181199977514,-0.017563269795069305,-0.4680389359851295,-0.6066802288813062,-1.4946690120949686,-2.957733799000101,-6.287222944901467,-7.590148249034696,-7.687823427418449,-0.911296744574911,-1.7016778486065423
71,-1.1287050810196844,1.3778519335907184,0.3778514845926097,0.23082059458415158,1.6825314093024077,0.5956840968002067,1.1358841041214802,-0.2521565999040411,-2.8792467924720366,-5.711068034246021,-6.361704210024409,-3.5364118985243587,0.20144850864237568,0.6364437865401269
72,0.7851349416739569,1.9366389872552432,2.148857409322939,1.1578120380020598,3.2030827160189945,1.586075616652556,2.8875052112718507,0.9673340429226235,-2.689075495988913,-4.8546598464800095,-4.860054635218554,0.6665997910716106,1.1601612498506082,2.7247865824320114
73,2.389347316029401,2.119526858221989,3.5796611685270268,1.9190515927003626,4.412003217581778,2.4138096008887473,4.484476717528002,2.0520164847366265,-2.3727841728501518,-3.758681852294953,-3.180416225397159,4.547202949704893,1.9054506320954852,4.396013442793981
74,3.5493644486905653,1.92410056445442,4.537010202797337,2.463404950961026,5.209707357030465,3.0071924182833607,5.765938929214031,2.904660292242298,-1.9220773893589576,-2.476493185081395,-1.4218553655194244,7.784845732799093,2.4090505779936637,5.541487805985133
75,4.193302710211198,1.4025118794390452,4.948335411614442,2.7654546267754805,5.538688714943901,3.318805021060395,6.590958039328149,3.452230013479756,-1.3378611716640372,-1.0710071970857336,0.31984692333936093,10.141953699736993,2.6731340251615467,6.117979624557334
76,4.315061626179572,0.6528869956264527,4.8062058084719625,2.8258230357806626,5.388338927524662,3.329409214533404,6.854978762265696,3.653196523731144,-0.6323607915064536,0.38900363234045116,1.9583636438961898,11.482731880983266,2.725822717874973,6.145844003899487
77,3.969223683346384,-0.19547154875704362,4.164859306686285,2.668465582334429,4.794560408901702,3.048880231033537,6.50366850075679,3.5016193779059455,0.1699907362142422,1.832784747938526,3.421437261824704,11.779677784289909,2.613753566466496,5.699523120845656
78,3.259022738227686,-1.0009320509640527,3.1297556937650177,2.3355019678013482,3.834358715748386,2.514251121074413,5.542271049366077,3.027431117619593,1.033019613387301,3.191303370426578,4.653615764286401,11.10779142363996,2.392930707347687,4.892229886350308
79,2.319432344772608,-1.6297607561036493,1.8419005200332816,1.8804324910395183,2.6161947983673137,1.7852256386574414,4.038952270086427,2.29279649339689,1.9106019256134383,4.400522012396123,5.617083191224801,9.627952697371333,2.1192788429406537,3.8573610748802096
80,1.297875496148685,-1.974928252098071,0.45921025166625745,1.3607355463034223,1.2673572621116702,0.9377171766403624,2.1212303319876376,1.3849079006891776,2.7496035908749534,5.404109240292412,6.2908367414845605,7.562158426488194,1.8402853310746299,2.7294646534704445
81,0.33514324549615326,-1.9709510568348143,-0.8626188399533933,0.8308477684306265,-0.08007918065515607,0.05609990315514412,-0.03462278825358312,0.40603575231050326,3.4936836612018336,6.155569944362732,6.668665039428513,5.164124438288158,1.588879328615703,1.6274280509891934
82,-0.4511472701496426,-1.6028225845170805,-1.987413727204711,0.33639581318335954,-1.3030456191128976,-0.7750776390663803,-2.2204401768048427,-0.5379935725343822,4.087609516065068,6.619854673897238,6.756476359920431,2.6890785707998996,1.380288670633098,0.6420110190803958
83,-0.9787584715997376,-0.9079358691392507,-2.812098426078264,-0.08969478944074866,-2.2994755813038474,-1.4791583359417282,-4.217658449155166,-1.3495220158933496,4.481716663233744,6.774535068084779,6.56950762906945,0.3663859845094536,1.2121115372953288,-0.17097159256714403
84,-1.2076165709072675,0.02912480087002631,-3.2752634584376903,-0.42890182040554176,-2.9972690687042682,-1.994507022334432,-5.821132237829265,-1.9496007713323398,4.636167701339836,6.610613325674158,6.129836646697404,-1.6219850580997044,1.0673269451235727,-0.7914592849873533
85,-1.1408654281730217,1.08808204166492,-3.3601819074225645,-0.6766417589625762,-3.359431286159027,-2.2800817848986488,-6.862494864564245,-2.2861268028160686,4.524703227629634,6.132984647446604,5.46445906299752,-3.1551171216138063,0.9195303545374569,-1.2305129918571243
86,-0.8206107221202092,2.1290901275565832,-3.0924440663006063,-0.8399641113928217,-3.385100413433636,-2.318955382406907,-7.230184694138,-2.338671628419155,4.137614356810976,5.360516127767597,4.604020312803841,-4.178030032029804,0.7393857876864798,-1.5215692928137903
87,-0.31936849200747364,3.0112513529334057,-2.533008597527913,-0.9339597965569633,-3.1066718152998383,-2.1194670106033215,-6.883520901314795,-2.1195241098549973,3.4836972253321625,4.325665597911105,3.5821468198519995,-4.698087273616034,0.5011728879689451,-1.7094155775476185
88,0.2713682900457326,3.6110370342775786,-1.7679328990636096,-0.9775653532831993,-2.5836429604301903,-1.7138872667665839,-5.858842408822129,-1.6709429912408817,2.5909820066205946,3.0735536945084236,2.4352218573513875,-4.774256716584412,0.18838157576924544,-1.8389075018744938
89,0.8538472505628302,3.838215338251377,-0.8963110377128605,-0.9894594326168219,-1.8941051500596233,-1.1547036773183976,-4.266658154883312,-1.0590744713909863,1.5060747453665357,1.6604257267081466,1.2024037795993707,-4.501358226333078,-0.20245957594074634,-1.9453131048702752
90,1.3364816188704385,3.647289469909165,-0.01800444760543341,-0.9846604163640268,-1.1249795241582188,-0.5088646805527397,-2.279883752287938,-0.3653750846360545,0.2920200208432362,0.15149082067168762,-0.07432063240453,-3.991896927072045,-0.6601958874153937,-2.0477487216781993
91,1.6446003395975028,3.0430937033701944,0.7773856813569567,-0.972268393673097,-0.36213773540224786,0.14946463583065064,-0.11440775743121644,0.3233568316378457,-0.9753079101139515,-1.3818080497583989,-1.3502314279164582,-3.358175322132001,-1.159795162785679,-2.1465545014448844
92,1.7284630518223738,2.079987138620621,1.419149516086494,-0.9545835008436897,0.3185266559007021,0.7469054453949309,1.995727420301379,0.925123350484724,-2.212149319050741,-2.8649737929227634,-2.5782659777405166,-2.697107315398005,-1.6651715023525955,-2.2247505512949974
93,1.5678795695209282,0.8549212322238485,1.860952524114056,-0.9276090687942923,0.858186878847173,1.2187844088434403,3.8254847701314394,1.3718630392976257,-3.332856029271829,-4.223915396246138,-3.70981224774407,-2.079575183008103,-2.133543454827664,-2.25303001054456
94,1.1732012544732895,-0.5045690512983989,2.0828802447973778,-0.8827416613355421,1.2197027305513803,1.5161000864996876,5.184926801208932,1.6165772111852676,-4.256514009587417,-5.3884964103566455,-4.69597558319777,-1.5453683100637485,-2.5206161391301274,-2.1971825213627043
95,0.5828601082846316,-1.8557886022985859,2.090204643648297,-0.8092853660914412,1.3894577768069583,1.6107423355986932,5.940942384800535,1.6377292047304441,-4.913644342665612,-6.295988276312859,-5.489353318565543,-1.1038409165341694,-2.785832810593048,-2.026482603960169
96,-0.14202127470758244,-3.057687809508264,1.9094201196003355,-0.6973235612264982,1.3764336419436132,1.4983495447765758,6.031865451634818,1.4405564558721418,-5.2523627657930145,-6.894281428032495,-6.04631180440308,-0.7395601943018643,-2.8970171429401117,-1.7214770919234847
97,-0.9251699644639619,-3.986933159527118,1.5823718212755635,-0.5404499450246391,1.2088520882991667,1.1984552909370898,5.473187706982206,1.0553129390522282,-5.243371095087196,-7.144756551768978,-6.32971221389736,-0.4215130586058712,-2.833897409537859,-1.2797754896007103
98,-1.6839231679174986,-4.551322384131582,1.1594364410346751,-0.33790492892718554,0.9289681546415857,0.7518959755501022,4.35375629114692,0.5328086419566235,-4.883222786384605,-7.024758368033603,-6.311967100137041,-0.11399456445564815,-2.590224410765247,-0.7188467319867472
99,-2.3382298876148577,-4.699056082791054,0.6927166512934964,-0.09577488097909788,0.5867648363772815,0.21577973561102964,2.8231100664627125,-0.062106577545607694,-4.195448330127491,-6.529623824474967,-5.9782245595445485,0.21283502087296313,-2.174415982939331,-0.07537274749937425
100,-2.818958266961566,-4.422970383712344,0.23009267781582995,0.17293065890613543,0.23336724964202823,-0.34338987562578643,1.071765036943064,-0.6582813243536227,-3.2293304908423326,-5.674186753274626,-5.329378664622576,0.5745592389342017,-1.6088397129235616,0.5986996767522655
101,-3.0747008847478736,-3.759501081189759,-0.18923660103153858,0.44933285620154617,-0.08503909435680929,-0.8576208693263502,-0.6928528883858838,-1.1863126307925886,-2.0563598365333777,-4.493619998749084,-4.384515533170812,0.9676591634106679,-0.9279591100655452,1.242730674350758
102,-3.0764727055656365,-2.782801570481431,-0.5373660531836053,0.7107110388834164,-0.33212419175708363,-1.2654323513511165,-2.2716349852514233,-1.5860300651829953,-0.7646443815611185,-3.043405845171176,-3.182352644226103,1.3689306786082007,-0.175616314308229,1.7955004292682992
103,-2.819953934339692,-1.594995036078478,-0.7983965689924042,0.9332102953837079,-0.4846932137407935,-1.518996373266243,-3.4969461918807374,-1.8126644619002739,0.5482423587204873,-1.3981738814666191,-1.7812395961618668,1.7391269388857213,0.5982778465385749,2.203562675463127
104,-2.325210444394331,-0.31394173032874206,-0.9674802824676141,1.0948446679694952,-0.5340914190950818,-1.589573742833813,-4.250889738711926,-1.8411458228542272,1.7833412559433683,0.3508613846597731,-0.2573759107642296,2.0300561229073995,1.3414043695973095,2.428531872752494
105,-1.6340901904112481,0.939895190090631,-1.048656288517082,1.1783734706733966,-0.485738132695673,-1.4706011834752117,-4.476632683047201,-1.6682026642280934,2.8486045893192227,2.100070331822261,1.2989322551151288,2.1937768996181215,2.0028350213928077,2.4521991121865025
106,-0.805711284869892,2.0559102289142386,-1.0520608029565839,1.1736481217132453,-0.3570166284178699,-1.1780732665541458,-4.181748157030822,-1.3121675008389162,3.6666885332682435,3.73925078451088,2.788921914889191,2.1921843216732797,2.5367693815671504,2.27874027426072
107,0.08939789204413663,2.943774918694131,-0.9911053663432188,1.079104094022971,-0.17392326101432723,-0.7481944849382991,-3.4336027809358978,-0.8106069853980409,4.181561861537162,5.158988980169548,4.1126049318011155,2.005226138445335,2.90599909959173,1.933750224743796
108,0.9758838679549484,3.540816895077472,-0.8801133717453088,0.9021967268620347,0.0330099702292829,-0.23261496973530932,-2.3478095813750595,-0.21607604859551088,4.363336001647408,6.259113505169476,5.176992215291897,1.6362469126045969,3.084867678734513,1.4603343864264577
109,1.7802685889417045,3.8158263137056334,-0.7327177822424992,0.6587291534207946,0.23296573019862088,0.3081327743675795,-1.0715615516941868,0.4095591668125588,4.210840957641444,6.957539585679515,5.904507489314601,1.1134807674128286,3.061481466016642,0.9129381134122116
110,2.437221168467273,3.769245178039298,-0.5610999304196512,0.37116974165077704,0.3987371192847795,0.8121479289128106,0.23581652958841745,1.0016702472794432,3.751624374284981,7.198572957237485,6.240663358721536,0.48740278997561115,2.838938067540639,0.34992403258680227
111,2.894948103873459,3.430130645110342,-0.37594432259482846,0.06618372427527974,0.5098246782165056,1.2236547957777648,1.4225510150621394,1.499645133920312,3.0392427038805825,6.959620253280459,6.160063211783451,-0.17562945022062365,2.4353822515588277,-0.17393665898040991
112,3.1193438656469725,2.850610818919713,-0.18684062195693538,-0.22830488284234673,0.5544205861863617,1.4995124758655882,2.361904514032007,1.8532154986421325,2.1479531369082623,6.255285300736743,5.669910873373871,-0.8023908045042346,1.882782381666171,-0.6139351631297758
113,3.0966324972572608,2.098740066980869,-0.002805574338784634,-0.48615665172857336,0.5301278922156519,1.6139222587202426,2.9654449490583628,2.027675093493672,1.165201854280081,5.138043063747982,4.810452310413154,-1.322985273959258,1.2244409650118375,-0.9399617062344616
114,2.8343170403407707,1.2507054478190112,0.167372696358795,-0.6857977284523639,0.44343389012314566,1.5607758081465009,3.1907309760077864,2.007427244091532,0.18261250958542943,3.695062287635571,3.6521175097566787,-1.6805876948661318,0.5113987933831029,-1.1385767547953907
115,2.3603476565826345,0.38325473963205475,0.31516448205569453,-0.8124105338750139,0.3081134952815241,1.3534255552839154,3.0428378852465636,1.7974651460984037,-0.7135453674577656,2.0412414002830155,2.2895336670292323,-1.8392033507062322,-0.20195868618688192,-1.212518837258274
116,1.7205308538787085,-0.43295535464717994,0.43275640146565975,-0.8592838732507213,0.14286099983177453,1.0220214074784006,2.5699687379020597,1.4226066963583504,-1.4512550224646679,0.3090489036350325,0.8329839954575353,-1.7882735754187187,-0.8626601901757539,-1.177971350481136
117,0.9743332669297965,-1.138613942330179,0.5138437078593024,-0.8281793305312183,-0.031476900666947236,0.6088901233450218,1.8541333085289893,0.9245504343446687,-1.9798579910439222,-1.3637728337718755,-0.6017775230873169,-1.5434939896173272,-1.4237703180513872,-1.0602482751298232
118,0.18937758040581443,-1.689368618427506,0.5545460859022416,-0.7286958185123877,-0.19467456602508235,0.16268516012158044,0.9984375020228791,0.35706328038055146,-2.2743988670372617,-2.847256490635196,-1.9042348582264974,-1.1438416741342752,-1.8483758837857385,-0.8887648253588927
119,-0.564925611797866,-2.057758088296497,0.5541797326320235,-0.5767415934049588,-0.3295497383558328,-0.26783367004853187,0.11284522780971057,-0.22016967427352804,-2.336620322321658,-4.031500442620953,-2.9791680532538414,-0.6454156265822455,-2.1125167897922563,-0.6922049123789346
120,-1.224033413993153,-2.2335828583072805,0.515639128508276,-0.3923358581170554,-0.4237565716885207,-0.6395387730036851,-0.6996715627554714,-0.7483303648130757,-2.1925227055818675,-4.836776919605804,-3.7549870263251255,-0.1131714604111668,-2.2067761319073598,-0.49467567269120116
121,-1.7345416611582987,-2.2229276625274292,0.4452328451598631,-0.19704484046327933,-0.4707817606995455,-0.9194775929892782,-1.354880081231186,-1.1760845857165678,-1.8869386250083728,-5.220314408856316,-4.189493871714482,0.38810230084514163,-2.1364095850204334,-0.31337523664495714
122,-2.0593716453929467,-2.0460919733107525,0.3519513548198248,-0.011398284350796551,-0.47010137576567723,-1.0877402972395211,-1.7956291767171322,-1.4652230048999495,-1.4760409804630752,-5.179040242677463,-4.272539836991525,0.8021941107589635,-1.9200641801193086,-0.15795211564719755
123,-2.181237870477681,-1.734691903182115,0.24628370830668928,0.14737579166547926,-0.42657606074309357,-1.138454629109807,-1.9960363244770702,-1.5946225144737574,-1.0190120014155815,-4.748081044073331,-4.025399833347737,1.08809370170878,-1.5872881259620848,-0.03137967243464978
124,-2.1039272293726605,-1.3281861646317414,0.1388089233159762,0.26701908979716343,-0.34925665570122455,-1.078986670202013,-1.961368687549717,-1.5620288815387313,-0.5701876923978334,-3.9953369371750833,-3.4970448804320635,1.2240301783015237,-1.1751480026431298,0.06811755674240551
125,-1.8511709980631164,-0.8700667275357319,0.03884118596901836,0.34113652481812057,-0.2498274240353852,-0.9276540562541916,-1.7240327966734783,-1.3834448977549547,-0.17283863392571966,-3.012898752634156,-2.7578151934240362,1.208584912497083,-0.7243379737900473,0.1447078239180672
126,-1.4631978850721101,-0.4039547872426525,-0.04660727767587224,0.3692629927541515,-0.14092833543247532,-0.710411496618813,-1.3365519188374337,-1.0902339506745742,0.14461003453349167,-1.9064118402900818,-1.8912565691523204,1.0590030351649482,-0.2751890314946628,0.20278975484283476
127,-0.991379123012911,0.030139295604943734,-0.11336295988540855,0.35617375412089575,-0.03457908850577694,-0.4570396128137842,-0.8627280006091754,-0.7243713774049698,0.36959934452217486,-0.7836731963587893,-0.9850597902243744,0.8072120371503533,0.13602670471572842,0.24550085512774794
