,AF3,F7,F3,FC5,T7,P7,O1,O2,P8,T8,FC6,F4,F8,AF4
0,-0.010108753852791202,0.04252095330747997,-0.006226192065503835,0.002020257382692509,0.009849261329697523,-0.04217623580115265,-0.027990800533120124,-0.03688602262545201,0.026163415288820005,0.09239277648724742,0.03605186479194469,-0.012514009654054636,0.044281421965684895,-0.022658370482230683
1,-1.1774382797784364,3.14522229730421,-2.394122646153822,0.3452248520270901,2.4526987737875836,-0.09219757579273082,-1.011605680876295,-1.6386963491278903,2.520471316719245,3.823304475927031,2.5020757070979385,-0.1556214594946329,2.9674687502474946,-1.4583915004012387
2,0.007175693290308377,3.206178613121682,-0.9738568490517161,1.0925206737554045,2.614624094456153,0.07715503520682983,-0.4069386216443566,-1.879889154050843,1.8930772943874712,3.060129214058388,1.7390095053564065,-1.5864402233846555,2.5166151206256635,-3.3968342874064463
3,1.554138982718786,0.4341747073577709,1.6791994925452756,1.326824869924732,1.1664360390832555,-0.018440081182799734,0.5228989085557516,-0.578788319647064,-1.9181646402271286,-1.3720860279391172,-1.8562076608696003,-3.5728662484363567,-1.1779315538092239,-4.0264549409062
4,0.5505693972140997,-2.0816167698266472,1.1821581818640698,0.2406621002419433,0.279627353357877,-0.41794140759117593,0.07075810966958104,1.170234531398137,-4.358231785203802,-3.754536017583088,-3.9724562071076277,-3.1251050639869153,-3.925763312516019,-1.2047991759883987
5,-1.555696910296511,-2.0582531983648735,-1.1906007138879675,-1.1383899782467144,0.18487820054945195,0.027809909060663277,-0.6337999306813605,1.890915780440322,-1.0201045287241564,-0.6076518919260111,-1.1389212952368872,1.3719860593090498,-1.929273303692166,3.785649492046399
6,-1.1033033829231935,-0.46885498701754896,-0.9168153944836158,-1.1691587955286435,-0.7623382231029113,1.623921639666021,0.3657870708671702,0.9561708138290151,4.9072841712340916,3.7906602628542814,4.06023764978874,6.218709820069348,2.865235390809623,6.433825805352582
7,1.4840933696259557,0.4173820780342556,1.7952122599608484,-0.015478910718969972,-2.6413769612797586,2.099927564499369,1.8640194248661466,-0.7264551472994042,5.168095293843958,2.6868434600234647,5.076845201057603,5.365256857064741,4.34143232539154,3.573925282031791
8,1.8532447975668085,0.23833395448476435,1.9774930665113204,0.5924122218960565,-3.059247912401384,-0.5932067794206952,0.8947416976133087,-1.5138925483895544,-1.5932295960855372,-3.1520120139358236,-0.2521744118717199,-1.4020157327033518,0.10453889682051513,-2.943345821996463
9,-1.4224327084579014,0.164518785720388,-2.0213828888490912,-0.11226476793134077,-0.7459134580145539,-4.126989813024934,-2.193738378220384,-0.8839229725024537,-6.696250860099608,-5.955512808322873,-6.1309200609242485,-6.784413125450026,-4.864887458064061,-7.465213694961051
10,-3.94164753124011,0.4075843935900565,-5.069868070048179,-0.9259393787130951,2.1211981586155817,-3.6386917428013423,-3.4018121687445215,0.04801318447208572,-3.576448463711681,-1.794032647327239,-5.516708011764232,-4.81937032203595,-4.229414379342074,-5.426703350951966
11,-1.3555964690681017,0.3441238769792671,-1.9280901012392573,-0.5124759867651181,2.8461625153126127,1.37310656280306,-0.5917170711084982,0.36451465107355935,3.25676154522762,4.604457948181869,1.416583658825399,1.6824096542909655,1.8579703330099004,2.121916200378617
12,4.139647517854602,0.3406208110644337,5.035497977198951,0.7499474020030251,1.6521938804839704,5.162569877542001,3.242938576935797,0.6352654110357415,5.669492496279986,6.849653435590075,7.467697755350041,5.349930341934591,6.799650555116072,8.307732234544948
13,5.924148929449941,0.9652422563272197,7.712840045334941,1.4697745102323336,0.39767272880239324,2.9591820798120736,3.6848795713119697,1.3006530937469145,2.520220740352361,3.589292713214644,6.2339548972632715,3.290743890745091,4.846038403485017,6.354427360119532
14,1.2933255689941179,1.033210354317555,2.1049772261550315,1.1661636614886586,-0.3514277893388088,-2.314017226385676,0.4043151926597689,1.1306003681663144,-1.766040453157302,-2.468858873249858,-1.3229929013830064,-1.159602903622121,-2.610696536434793,-2.5086237435629015
15,-4.822569507676792,-0.8145231807943831,-6.05065563536119,0.4786976404335958,-0.9354829227866942,-3.7218267841227637,-2.6573484843588004,-0.749237049737154,-4.086214901719638,-7.186561804416704,-7.7311514234127285,-3.6918550843179863,-8.062477508309419,-8.710199968463115
16,-5.859854111270236,-3.0331154531536773,-7.797844422374534,-0.29605113602229527,-1.022214775663997,0.32990550034169075,-2.275872610938479,-2.4246582568290855,-3.5814943875527074,-6.3979751740550235,-6.470250545660177,-2.8211556330970704,-5.533552178922454,-4.97474407588529
17,-1.5836199593789777,-2.6579056282686846,-1.9581967374974385,-1.523344348439939,-0.6413838510499297,3.9383131564139475,0.25112438871338394,-1.4455307428068354,-0.19979459085041623,0.08782779423195489,0.8860963657482682,0.3229346245585425,2.5604360241441766,3.9902205050135
18,2.509822838695345,0.22800098766884874,3.9532733051592728,-2.724724973511066,-1.0670483250461733,1.6419903126876039,1.0913924065922072,1.0946010329223925,3.5135992511523653,5.916102782825472,6.112811495064897,3.0852733574468596,7.4577665262934785,6.952603175862895
19,2.866404003361045,2.5165876364037914,4.032356532934786,-2.207233088572124,-2.236078959103807,-4.182035920823847,-0.8245967132813183,1.7627427596570835,3.303429866242117,4.941625349216032,4.050569467851711,2.7848853961280335,4.040433781563806,1.0310871225019
20,1.4094135697707812,2.6376521725185014,0.8144855093014466,0.643630685626314,-1.319684456558105,-6.0907040539013115,-2.137287327737251,0.0008690384802262467,-0.5846930632946398,-0.03993138755650275,-1.239537809179822,-0.4984142824327516,-2.892984364535374,-4.8376465635033075
21,0.9521535413391014,1.9203233359915244,-0.26448739750391687,3.637372278376469,2.8809922476025087,-1.0019114808881688,0.21129941758044515,-1.0997270846886271,-2.3913705200571216,-1.3676647662473242,-2.558146035756623,-3.09723346608931,-4.753888465294971,-3.0761014602601824
22,0.9058764513263737,1.1162374354791356,0.9808585899684394,3.8232053256234897,6.082133882641182,5.647770159091721,4.002686909747156,0.1919386001699535,0.5833445971255019,1.4646176285676922,0.5005526402261553,-1.8251678427833982,-0.24300120261420943,2.4120740831876244
23,-0.42741043034278414,-0.8814623942398181,0.8174960425231637,0.9849562932416056,3.4508921299078326,6.517029877997928,4.082693906469932,1.6530562526917916,3.198538119408716,1.416856703947971,2.032367516395028,1.6300295012686208,3.617757411088168,3.636513791654074
24,-2.1603522054884703,-3.7702112726245423,-1.512139114168945,-2.111065627270916,-2.7453017950615615,1.4448051480551725,-0.46633660119628423,0.8672088190011276,0.4383438946816317,-3.7648656847073045,-0.7020223608461463,2.765597892324466,1.7123187065952934,0.3853014388763256
25,-2.103981908913474,-4.551832419073142,-2.8219386080025686,-2.8973766156894265,-5.471166029536141,-3.0425536670545914,-4.5495737338971995,-1.090313507100962,-4.397778736562246,-6.948428891585612,-3.483669866527539,0.47950616455532413,-2.5510803412436864,-1.672010919653722
26,-0.3517377198416213,-1.433487403032851,-1.404937613437536,-1.5037429651148297,-2.736593967098596,-2.9801127523999926,-3.724314481507601,-1.6619210271923615,-4.6621561783910055,-2.5863084018472517,-2.10362790806351,-1.756925984912335,-3.215845195139453,-1.0385780416870618
27,0.6818294287237113,3.023387379789992,0.4152155468580638,-0.0638930257468924,0.3197449017943539,-1.4693474694600115,0.04594478808600088,-0.6698743727645043,-0.1786867996156306,4.45648761296363,1.320430757563196,-1.5349017032964694,-0.4574256183602179,-1.2407363044240831
28,-0.31559631473696087,4.588019604945987,0.16623952000451586,-0.10794104734408039,0.05796001802464894,-2.133974993659961,1.7197960800994516,0.03286514512767601,3.441186254837872,6.069260496471212,2.1041033286453357,-0.7409417505781768,0.9980518108908605,-2.8634927193578985
29,-1.3797696004434847,2.3717771061340476,-0.8278575651088507,-0.7164326355189957,-0.5366492357554046,-2.6705142303507348,0.42755264173192487,-0.15623875702300163,3.43610843690549,2.352297538313995,0.361570283375072,-1.1095261977630302,0.1588891392194585,-1.747359374380836
30,0.4629591909389947,-0.40980683968120846,0.5834364768730564,0.42115597210772737,2.0496892528080837,0.6786717868280866,-0.0742905064977186,0.10237630036650754,2.3865111441751674,-0.08721183313678177,0.3592779886452736,-0.3380455649130571,0.9957189943107686,3.4712206339065004
31,4.471704909893739,-0.8881129659661502,4.1328273719755275,3.4072224043324852,5.2564705955565225,5.433695756999222,1.9999299080247832,1.4331634902621242,2.157071779530099,0.8412821174162388,2.889333924096678,3.3068316331088243,4.475972117936696,7.245630570687518
32,5.46904645653241,-0.3492008646236442,5.23613968724006,4.599705465811439,3.9981171475206896,5.518487108040369,3.28808113698106,2.2681652589332373,0.35854316969908584,0.09990119501103238,2.954822608433958,5.603438906147862,4.842751429873573,3.8615037471347238
33,0.24658005420424225,-1.7712906848320897,0.7786898953789171,0.9508621494090791,-1.5946526071900669,0.470589072658914,0.6459265607422235,0.9677624320775919,-4.694872440620166,-4.905867516629018,-2.399573494771591,1.5398294779944015,-1.89444419532135,-4.082976934493023
34,-6.614905526332382,-4.165590838083661,-5.735121738821524,-4.7421185725939345,-5.99242689928537,-3.761107845490181,-3.3672913475160677,-1.6125525711378734,-8.591915140724497,-8.230870210210847,-7.632666158687885,-5.581399668543277,-9.448106735747132,-7.838207770265281
35,-7.341661911884218,-2.941098751554194,-7.566976912145602,-6.326924345546528,-5.27866963226998,-3.483588259146082,-3.830583797623369,-2.907953243826395,-4.883325283988189,-3.418639851474819,-5.1313633762437325,-7.059878963393667,-7.845983385215828,-3.4744864650339182
36,-1.1992279894321045,2.7127800923074536,-2.990404216179566,-2.240583094882861,-1.2025061839871767,-1.372144536982085,-0.6328982939109841,-1.7391199811986529,5.268974567893374,5.961864307515296,3.3722565667556132,-1.1392634854762886,2.3330602287373514,3.0114715944943558
37,4.462060022473542,6.769299532969312,2.861267461390243,2.699270708823024,2.1483683492829426,-0.7053593211699156,1.6810668624716054,0.48564857951264007,11.884872802611358,9.893845483759119,7.95385298496392,4.398945188410801,9.427500668931257,4.031614268655792
38,4.15501671802385,3.950596901137739,4.816825452062171,4.039292213101014,3.1474187443416604,-0.5029924313686139,0.786369084341356,1.787328690322241,7.33929539928903,4.9356159626072005,3.806714619924931,3.589224222730528,5.871561369802624,0.42213689081297884
39,0.563417466936349,-2.622322719670107,3.1935677813827312,2.4430621176188,2.889328677206284,1.1663952755780527,-0.6428024920166242,1.722804422229962,-4.011564874696157,-2.3760063675182224,-2.7542717789454545,-0.22765080608231636,-2.5351084739641725,-1.40498026575692
40,-0.8311797872734303,-5.391348943126068,1.3220114558212144,0.7159119247801379,2.4263693815671865,2.999043884164594,0.3499064837302438,0.9304083290526384,-10.661587140488953,-5.316048721648564,-3.9711622009092404,-1.0688973505509909,-5.5010595511542935,0.304623548960451
41,0.7003739788896237,-2.216377139606172,0.4457205860583126,-0.3133631394203564,1.4299782264969774,2.636054304278325,2.699847503431786,-0.2853365344251898,-6.940131321090175,-4.136685988986166,-0.6379702988197098,0.9941322421525505,-1.1935467827186927,1.4740573014287985
42,1.6470799160687994,1.841861323256918,-0.6945855640161627,-1.2782548461331287,-0.8523999091072909,0.45040116794467255,2.997106287227192,-1.6527595633951717,1.8692959173392432,-2.1008684005388307,1.376443967355149,1.6346415654388389,3.565654219862998,0.20892716608168896
43,-0.12334957671434872,2.1815542184754952,-2.601839553810238,-2.0700031929250566,-4.013275041065911,-1.477480206971385,-0.21989052366455125,-1.9528448122838087,6.818674405894276,-0.025015838529572093,0.19071597418780184,-0.6440919096695916,2.9028558443094283,-0.7180428924129939
44,-2.817870704866505,0.19040522885195577,-3.572614898473186,-1.8404947092858464,-5.704955235222249,-2.2451679750758466,-4.513909194450236,-0.19655429508873923,4.843962895113309,2.3849104906085454,-1.1475075032747366,-2.92365036203567,-1.9676810574937371,0.06473406195886919
45,-3.239615330517204,-0.3278297627672416,-1.8942653959820304,-0.37301757860729823,-3.24362975599157,-1.9650568051712924,-5.3804887596156235,2.1854582783688503,0.06448258806205316,3.654726116707903,-0.4915682620018124,-2.1970020001490846,-5.270144638621538,0.14599505451128755
46,-0.6718256632196672,0.654934019369613,1.3889725708770286,1.3066731535480347,2.643734594518281,-0.6311629096950974,-0.866036761011325,2.3219344229160863,-2.6152037163031845,2.186682834693292,0.8122355329898752,0.9033792995953938,-3.2465416805263243,-1.4298175986204573
47,2.122617442584921,0.10279243136043902,3.0454937226694785,1.7380693511165457,6.813633530112298,1.0189445693918229,5.119486935968553,-0.231946049092701,-2.5852398251228794,-0.9483591261137102,0.8194743232094367,2.751589493742219,2.047987468129902,-1.900687200686004
48,2.1427055588298263,-2.107916511708678,1.5404809454250408,0.6613923291438619,4.969345748343388,1.3403258913029754,6.095276741900042,-2.4573977731316172,-1.718749572872277,-2.8852360673533797,-0.21020278823288396,0.9121525284187739,5.282114208060293,0.04417373892275232
49,-0.027503594012458422,-2.213693541553354,-0.7550505281493778,-0.4801107394694943,-0.7298866198089956,0.1592065914603219,0.7756029892978026,-1.8154258740089846,-0.3779012611827538,-1.9866060227264393,-0.5876899567253615,-2.3887360619019553,3.768487183103087,1.4485401367819029
50,-1.1250464684882435,1.1533722485006594,-0.7475880692506754,-0.3908059714257108,-4.180493628549097,-0.4222056204547817,-4.831687423074216,0.45555473728495294,1.8412394982990583,0.6444187190512943,0.29238152014719493,-2.4560098827613372,-0.2113181198021533,0.23541068214586913
51,0.13604578555885533,3.798988995807399,0.9470824776427369,0.3032100418556459,-2.969442197397108,0.8346804324261832,-4.760768533988835,1.4427968484153106,3.0141553463573008,2.1922035244894333,1.1318711847698786,1.4681956288758442,-2.866462717728024,-0.7888776177886397
52,1.5323679444519511,1.9530962715602944,1.1333693100326814,0.23246225965442804,-0.26758399876222283,2.0499241952700573,-0.10636384639827909,0.5575109653016218,0.6829585436221535,0.9314440554552663,0.5897392354288185,4.430918054373404,-2.840396897344137,1.2903974033043013
53,1.0293532409244632,-1.8664333913611924,-0.8661015984023654,-0.48561128909695084,0.7136418666199593,0.8572271576431817,3.41408238906578,-0.3328847601931867,-3.2394327333259607,-1.5106548533524293,-0.7840796074482045,2.291011089598262,-1.2468488808547284,3.7695230328529483
54,-0.39945178014534366,-2.6975830257688753,-2.181848153083282,-0.6688716623334541,0.4315510923134233,-1.9411365904357656,2.794198022227761,0.04270912322675251,-3.496432635337217,-1.7086153606418593,-1.33965699783536,-2.4999378545875355,0.37810956777789706,1.9572048106175464
55,-0.94093728864806,-0.4430401043407531,-0.8986104276875302,-0.1590849034996671,0.3934087846624906,-3.184603236600445,0.04652765217812815,0.8910882039761315,1.2580357733260918,0.9592006422087999,-0.5630092836032083,-4.354304385911276,1.200601425404414,-3.035315133170957
56,-0.8259731763647501,0.8963292447294375,1.1661699736876423,0.1346621808826242,0.32327667102749136,-1.4142475630811686,-1.601001428461644,0.8052586377037984,5.5892755253093735,2.8238576867352063,0.5451691797012804,-1.7570223153924123,1.1845829491848339,-5.145122098133856
57,-1.1866012924229545,-0.072306609380014,1.3569800766120703,0.004016169023089575,-0.2778194227493841,1.338111706610155,-1.2334839808223164,-0.4688906292757923,3.8023001892513313,0.6759063684454703,0.9152432492829135,1.8400759362752015,0.7288239564362028,-2.0956338456699006
58,-1.5050897418244686,-0.7069456587765944,-0.17431298239615794,0.1573393268276249,-0.3281275843958333,2.129518192245496,-0.026668257801622026,-1.8172170048720393,-2.692352562759067,-3.2867773307492745,0.24105246054630072,2.824618130386978,0.048489145771270656,1.524101946276526
59,-0.4081676611280264,0.46065913061011354,-1.1943465063992167,0.6334971651551655,0.9214493797750214,0.6146007260282034,0.6695378288719711,-1.807446861780354,-6.8531051025689385,-3.785330766636281,-1.002624494985807,0.7073985524351919,-0.7945077400572453,1.4908664915757621
60,1.6409404566250652,1.3801455130762563,-0.560242191515774,0.5156946167524499,1.8800136505591587,-0.8485342371520647,0.3784084148654517,-0.14018888985463945,-4.341513852395937,0.3898774480433607,-1.4212839134680342,-2.13283551285564,-1.199779413133814,-0.041605871773038566
61,2.5997541695388473,0.5015598965285887,0.7821625254964973,-0.36317806148201587,0.679305995161485,-0.42503043848103733,-0.520094877057089,1.7174551791126202,1.6569306060753566,4.355314153083298,0.3219380375480079,-2.3764349729420777,-0.35676910937981804,1.095657403398526
62,1.7354002373755393,-0.4842161329390135,1.4665514198982126,-0.7971594870634644,-1.7794073575663796,1.0196768815403685,-1.134103511426114,1.9117937184371974,4.917158033756523,3.528381435530866,3.0616061019874863,0.9834809802989283,1.2784726086795504,3.802744999478037
63,0.26710082871214047,0.04697830121325908,1.075255952340044,-0.0881279280690113,-2.7949002315301597,1.529111226989058,-0.6375433680629132,0.4566324857651241,3.78432815301911,-0.4833911484357835,3.0812150282925383,4.336625300102793,1.8098941085661546,3.196227006581898
64,-0.9892113092078992,0.47029104428557394,-0.1637141693499546,0.5953215146915919,-1.3834891018775268,0.6155494876679877,0.8427793668343594,-0.7641684811731472,1.5266219451015541,-2.830000765902977,-1.2738038765243778,2.7792026907582223,0.042683718935061496,-1.6489800448080953
65,-2.2907603273430355,-1.1404834996919684,-1.7586524842253115,-0.03207660554003534,0.7885370941077244,-0.91103933500467,1.9562825834881714,-0.5956214255723191,0.029508065310425394,-2.1482520828703997,-5.8416302151331765,-3.0291788081436533,-2.5475084035946898,-5.773782815073377
66,-2.7651076339839595,-2.7600992188111912,-2.434472712773348,-1.0245544621654759,1.8310115551363786,-2.4045651502823384,1.5122505918463893,0.010318952287769944,-2.082280571047212,-0.7851313033410736,-4.441430788013738,-6.144999525924228,-2.772544469338432,-4.74437199732388
67,-0.5459970854817789,-0.7605434425901376,-0.6479596572268221,-0.3289799404864936,1.6007051969403006,-3.0785216252806262,0.07405251649225846,-0.09753325118897385,-4.311036101722925,0.23037665254697845,2.9768915842420838,-1.8452365496717047,0.7012904973420097,0.2315905261304262
68,3.1914950641627984,3.7055502128820974,2.7696282367924656,1.7119438738574122,0.9486887280423911,-1.5858019922222608,-0.9554965076204089,-0.45681670887356396,-3.2148194758712307,1.7707466879851133,8.452036570355908,5.188774177258809,4.680130486041123,4.359264492667787
69,3.5964972711073777,4.643645186046564,3.764565817888738,2.018174366340838,0.1511924363523885,1.9520235395750969,-1.5507624525715957,-0.31003409613294725,1.02153133097074,2.563350457359265,4.55936725200673,5.795730395143452,3.8014651672429807,4.032398644593297
70,-1.139493247989056,-0.5450170840513552,-0.20292297730555073,-0.7928294509572619,-0.9329149095178025,4.617542965141812,-2.4137443829273817,-0.22430580815904677,3.013048394013221,0.023498998732232053,-5.697995546762821,-1.5257755648742914,-2.6358412786050778,-0.3977756498437212
71,-5.234304638318226,-6.053882219437408,-5.104586580118051,-3.4284753700697608,-1.710173886237413,3.7226597795333225,-2.40416368301111,-0.6175728665788519,0.7114751815202744,-3.8554678638899733,-10.600673300163661,-7.461212531099596,-7.602169156699319,-4.280865261794102
72,-2.3669518128845013,-4.600214357622447,-4.160068875514566,-1.9293304489941654,-1.2354890575861108,0.28879892032434407,0.36662909354103496,-0.16560254221533072,-0.6680110715408732,-3.198822551156178,-3.4304560766323515,-3.6528766240252604,-3.8859440419073197,-2.2970903354521806
73,4.489013402083754,2.50107317121639,2.51842321804524,2.2931038850340264,0.172723060471475,-2.486376785840232,4.468552363592101,1.8620929287250316,2.2711334152026024,2.6581050349307755,8.08182767624812,5.5778603267449585,5.456362788359215,4.462508375755199
74,6.366563354063427,6.741783940469614,6.825336282408753,3.7896463747810984,1.0155007417978894,-3.115451551519317,5.516317451600927,3.0106768591435547,4.348603432987599,6.279233698267598,10.542906083358167,8.458100206699926,9.271243517350616,7.301123866899671
75,1.026799695173734,3.503555262399713,3.401590164508307,0.6325679607852105,0.650276822172853,-2.3357653948868844,1.7343665824920087,0.6337105123449558,0.12978627752787597,2.2221311083270336,1.910350001177937,1.485477130230332,2.6346806969467598,0.5701386096137896
76,-4.4085509174201665,-2.8161128288170834,-3.2208736848658788,-2.900276276125488,0.014501625136099382,-1.1169302731922888,-3.5975182591874013,-3.281916878243756,-6.178199771046351,-4.667449226135072,-6.652462929157136,-6.426492764098874,-6.283241226632142,-8.81927530146254
77,-4.5083143344881025,-5.487429512767271,-5.56335253591663,-2.4940502367469413,-0.06058570331954975,0.026651348437849873,-6.18347064310626,-3.9831863040777256,-6.321907842681403,-5.958292739787427,-6.5853898207595805,-6.624854815364189,-7.275971271676881,-9.133775848070595
78,-1.994508653054641,-3.1422421608765383,-2.8802582892338635,0.5375945271426077,0.06412215934683413,0.9456228649307282,-4.662954943264531,-0.6028824896980045,-0.21385961818524177,-1.0931122286282724,-1.8441995743220314,-1.2018257710529285,-1.2895322469440413,0.15953841267061397
79,-0.5998656429493822,0.8491240838663742,0.48818912234219636,2.015677497703519,-0.004981925169495816,2.197632654993205,-0.12841218669979157,2.7154471114834426,4.7289792905725365,3.3178143686364585,0.3860662876081417,2.571852505765454,2.9566183968699606,7.784266161153916
80,1.236050835781381,3.3722488034364306,2.522036090173093,0.9416214286848451,0.19331213940738418,3.8573554655472893,5.096586120150994,2.7604630282673908,4.616749430687033,3.3471247210595623,0.9350496349451045,2.899085837306627,2.2181395872725296,6.418294246655007
81,4.8427159470034224,3.524962023243611,3.777464255186816,-0.23830367993850546,0.7930187843554752,3.6623148547874576,7.299699704443986,0.7847150752582706,2.2033577451664756,1.1423461636217855,3.8283878161420835,2.9289074181332366,1.2427549638307958,0.9011481409206707
82,5.755926947273769,1.599004052115671,3.0651942005291475,-0.2465496214929213,0.6881413162018913,-0.6333667205012632,3.5659653342241198,-0.7107376843188253,-0.19922953657387243,-0.563582894069977,6.173134193852123,2.851647741200384,2.6157205301566937,-1.644810544928068
83,0.3032052845835961,-1.2650574961918812,-0.9129167808042002,-0.45930030274323036,-0.9145741883081647,-6.274253595925347,-3.7751702810208165,-1.3106585381860976,-3.2202842976662223,-1.6665573516319632,2.0212414691419283,-0.3217291897205794,2.135038832918318,-1.827736477940085
84,-6.330905235139329,-3.032496946007809,-4.865968007449183,-1.4655091611676456,-2.6686485369604713,-6.861930829791884,-7.695140559692063,-1.4041624376443567,-5.163691529265431,-1.977741887842234,-5.956747858157267,-5.223883844822971,-2.6926172384147917,-3.1621125231975897
85,-5.989916125879875,-2.4183079596713526,-3.8295619260525218,-1.328033342231094,-2.246970644792657,-0.7556452088189166,-4.150821200415641,-0.5253793314170594,-2.083727985856114,-0.2926373648529692,-7.915795421080719,-5.425515574990994,-6.218440436675138,-3.7516339812173527
86,0.4483054467319618,-0.5163742996451257,1.2680398282754874,0.9949345641983378,0.5903100557712625,5.579259625278095,2.62724278774557,1.1000262373618144,4.312627549684858,2.3276949272597935,-0.9535134038478056,0.9866032544572337,-2.4591256532034893,-0.014259853812602405
87,4.27244296733591,0.6695126094787613,4.1744477849890345,2.9197314374771435,3.2610122960498,5.471623365076476,5.233821992792663,1.5770094036187963,5.979391713963964,2.3572976650444764,6.070220377286659,6.615784920574107,4.608654374727429,4.908821109819124
88,1.8214655925710868,1.0253849354412397,1.9812332068016325,1.633739036338429,3.3074992751408314,0.3665302195784154,2.1182429679611703,0.013879600085165797,-0.09033201994064549,-0.9976840342511208,4.9104119912010615,4.04753964574545,5.573286074344453,4.360164186499021
89,-1.2084242638581133,1.8592018585768613,-1.4464209613678416,-1.2882066386802464,1.198329801443995,-2.9478321949986928,-1.552492434529511,-1.483871476077925,-5.790227009421592,-3.5063103189889646,-1.2042953664271314,-3.52256021031196,-0.6718605921018729,-1.1909208767680526
90,0.02299389859855408,2.738108078485574,-1.8485049402914646,-2.0076614071753736,-0.886660548471347,-1.4460844042103402,-1.5314726696899914,-0.6899118476580985,-2.8396741559737904,-1.4697389874661366,-3.7317133640828257,-6.3179787089871535,-5.049124712815649,-4.227856606313953
91,2.042498448582379,1.296176522255264,-0.1980096069884909,-0.42462641974330156,-2.2288947609536125,1.286943414239594,0.51581084517607,1.1774986675324102,4.585834259744779,2.596416900732523,-1.0954549264290734,-1.2588824309352156,-1.7936356112193421,-1.6070922099576515
92,-0.001515378144015811,-2.6590692672352096,0.23491586788574081,0.02260356412546601,-3.4299498736180096,0.9933930230906755,0.7775848054177319,1.2561694401476153,5.329865004154397,3.0980010820417454,1.225946794334169,4.494369777590857,3.284666893431475,1.3959278572355691
93,-3.413686631835857,-5.1530666545743875,-0.6449108172700128,-1.278068814680049,-3.444769130047663,-1.48273682506542,-0.9020388698339433,-0.46800273354153893,-2.3780786359939903,-0.7101755937608915,0.36219444800219264,4.088746642902291,2.451521345922405,0.6112353544027733
94,-2.229259920065489,-2.642571988262883,-0.3681165670498443,-0.8578097173668973,-0.16443331123316293,-2.063386988168152,-1.6260903246520189,-1.3402406680021783,-7.947986125257574,-3.5287606481071916,-0.7576477744597387,-0.3421831308719861,-2.01439917337791,-0.6355798949954123
95,2.4837432908234685,2.6165742269972836,1.415558377202408,2.2111446662647904,4.86202199626649,0.18750867865604998,-0.3928849656588109,-0.45935545041335146,-3.442525184043893,-1.4043610814510084,0.25724129533465045,-2.460437443302692,-2.380028255326634,1.3635211792818258
96,3.7563131011352384,4.891198200866428,2.209399797355948,3.6721781243519005,6.103916769026955,1.545465481311682,0.7156142403377124,0.24691490901333693,5.480070208375547,2.9302467802417707,1.595139139924082,-0.9075260817807898,1.7599347615247478,3.463248132048747
97,-0.23221371578292926,2.3775382728506105,0.706352349698097,0.9035557916410357,1.2599371963864467,-0.39113565508560444,0.3429542325570478,-0.11277334269613508,7.964029036249384,4.0395574971585155,1.2844633497055664,0.6409506848383065,3.3497113443522215,1.0876668214464944
98,-3.365119321779344,-1.1157900471162503,-1.37199768144947,-2.5303572307262647,-4.418111770031606,-2.2543668510803943,-0.048411155329730594,0.19594815134983717,2.2359934142330435,0.7665218762824588,0.16710721241110743,0.09595731483786907,-0.4047172396409606,-3.5516436516181287
99,-1.4824080106725013,-2.2269903791158896,-2.209907520970038,-2.667153254103037,-4.664647932239004,0.2193948322275237,0.9493323473765867,1.7730573990137812,-4.148285280369962,-3.2766212773111136,-0.8706167171992365,-0.9812886347465298,-3.967734538244393,-4.644417966651846
100,1.5909454564502499,-1.8541187369010224,-2.004114401814027,-0.9160579730657621,-0.5057471667536851,4.830630710996747,1.9815242830825563,1.9780856307067805,-5.321725500844972,-4.64908127581291,-2.3876922122294015,-1.0915641352791945,-2.519637064087533,-1.479257059918231
101,1.2128964882334905,-1.5875827695641496,-1.153019652953937,-0.1897222517896783,2.126398616556557,5.0479659998916295,0.9496662821398242,-0.8470514304738025,-2.4467045200555666,-2.7454095829247556,-3.335547540104364,-0.621822530992806,1.3873841724239182,1.6565718634608493
102,-0.6700423141290207,-0.4351209916538485,0.8879391930080609,0.3301804765558184,1.128096435685131,-0.7411639425677987,-1.5932291717023426,-3.660562665614805,0.7909703772013973,1.3891473106678842,-0.9337284512529347,0.1882034474133478,2.9060406623320554,2.5437861858465145
103,-0.03148568008141216,2.196234520228804,3.423812428337449,2.133691346321158,-0.22642774095467744,-6.589476839112099,-2.992344833253052,-2.5689605801339375,2.5988549288969875,5.544835385423034,3.9570706263052253,1.8534864180282415,1.62450455434878,2.5775939534951067
104,1.688817608190692,3.541574521257219,3.7549261384739,2.9254992782321523,0.27480367683134355,-6.577009466794754,-1.8893039383722072,1.2862921019103242,2.5898869319371105,6.0136113823814235,5.655776602631944,3.3811139011808353,-0.00026882556820446817,2.1626859176263085
105,0.364274680754508,1.116766648134941,0.6858375463771662,0.23173356156727284,0.7862312987269037,-1.430192016268973,0.4676083487751892,3.2644695363514993,0.9344476156899686,0.7867580659560598,1.28271809182207,2.2010599732909957,-1.0929006920407014,-0.012092996393033364
106,-2.8405230590667108,-2.6306487497378575,-2.9921492665578415,-3.2295765018563225,-0.2688756121624556,3.7611208216672707,2.0587518281001365,1.7287881503354339,-0.9782387780770543,-6.060390003965364,-4.07124637481706,-1.8964192982318195,-1.798904965832566,-2.8866465427052557
107,-2.4594722387989085,-3.0865211198013944,-3.633340967690925,-2.828215607128235,-1.1343863010977513,5.426389559189598,1.9842101659989082,-0.5482984412918397,-1.523717504099609,-7.24115665648654,-3.9798110413090426,-4.907312502982821,-1.1418463748149943,-3.1294810862297435
108,2.2885437500017565,-0.06155175690185992,-1.2307309564984386,0.8435294121706508,-0.06567703086088246,3.513841887493454,0.6355123007186043,-1.142062437917854,-0.9461284681397396,-1.3702117631922741,0.2854208760246935,-3.244304013220119,1.1167758184830718,-0.37054699876079766
109,5.085147859101438,2.0650348905098066,1.0659807160938573,2.766660051386933,1.3047360468633018,0.03231867746059537,-0.8786864367454922,-0.6628904186451161,-0.5685026678947783,4.610693413767418,2.210450538848401,1.123091547354684,2.4651913994113053,1.6899516812506514
110,1.258907457476178,0.8528450934428076,1.168821446909607,0.8444105513985667,0.5540370794581189,-2.454960716906008,-1.3159841620075574,-0.4109291179523109,-0.1723569870185204,4.583447173904122,-0.13917540269742806,3.127991683280892,0.677089129378669,0.6910397126958613
111,-5.0917410211915275,-1.1396115974511736,0.0556659302083739,-1.6969801678535341,-1.442336556508885,-2.3055377425948107,-0.24956225744821342,-0.3669238191570687,1.3931526941872328,0.8938928001510367,-2.1303365709316733,1.4653576433265714,-2.4080698170566226,-1.1886353803655152
112,-6.180732515249425,-0.8474657120124134,-0.2071861369614399,-1.5518113151276622,-1.7178656853507939,-0.4244079166266318,1.1500258281009261,-0.17177900779169922,3.010283956723239,-0.7236029543625428,-0.3509581655782756,-0.3592713145230849,-2.917617419859303,-0.8522902568063173
113,-0.5867394837118834,0.891207494753324,0.9143162043328779,0.48688778873785776,0.2876688519071335,0.41544824826550597,1.025466051381778,0.1233418833860457,1.7050776251571216,-0.04926669613586003,2.643669130946653,0.16613029685875588,-0.09548880002972679,1.455898167761729
114,5.451176421709306,1.3564465608924199,2.0122704545523797,1.6606699381172916,1.9359448594738937,-0.9929078947466616,-0.8378026609502499,0.6325775519406095,-2.5948951320776135,-0.9126913657850381,2.827271054067898,1.2239401700946975,2.838064488804131,2.928870794872924
115,6.081996614349523,0.17403205481166067,1.4010611065423437,1.0387906863106702,1.2129988741674447,-2.4572240424718563,-2.276732919848347,1.2193881842014975,-5.3776123466668375,-3.2351965456642597,0.21725955760969431,0.2619161241825956,2.83763160034443,1.678085502610157
116,1.7966756870805036,-0.8014180470310887,-0.9039882965119679,-0.27893169212199453,-0.676753292722631,-1.1725244968838768,-1.3404215106441957,0.8362551458109041,-2.851383949357723,-2.8141399848819586,-2.12224216267609,-1.8562381986480625,0.38303569908041407,-1.393014219552273
117,-2.899503555717978,-0.6734915685803692,-2.9278981306659815,-1.175821208846832,-1.3209230220969497,2.43474715386682,0.9931921152872526,-0.8652822580292121,2.7273965411198606,1.2164018699488648,-2.2686398661849045,-2.272353105534674,-1.6674460098193697,-3.385091624948927
118,-4.704905752055308,-0.3346488556202763,-2.791135986565762,-1.285528235142892,-0.30932198967302715,4.938532487886101,2.101369434648243,-2.024173416881585,5.633610167753276,4.371900621582219,-0.8234267662312361,-0.3733956467794324,-1.599797056042234,-2.231788324223037
119,-3.278288248625349,-0.39886994435872897,-0.7586054754318529,-0.5936029808433577,0.720452828430522,3.6742701524224577,1.2602874396209067,-0.8683844759207575,3.639836690611058,3.28354181400908,0.6059923004775095,1.425967910805659,-0.41950846085489724,0.6947059225302017
120,-0.1232006534809883,-0.221710101902179,1.3979005286303319,0.5419924656258409,0.5445628641019042,-0.6187925423915162,0.09613525449673341,1.279564053152182,-0.4275724557205459,-0.2583604261465025,0.9967358204619461,1.1598300323887976,0.022730411769515905,1.968634320053877
121,2.5380449187099234,0.6178891537041103,2.5847025433686635,1.3189478615209282,-0.3303960719087378,-4.6432816996841,-0.303676385440506,1.6761204959558478,-3.440475920362487,-2.8957847364218967,0.5050075357113867,-0.10617018795135892,-0.44225224270683333,0.7190468110651953
122,2.9322789282682242,1.2622131366986262,2.7592703185992313,1.1542092675421476,-0.7325451165714996,-5.3683324156421115,-0.5665009119225457,0.1329233395616245,-4.622626254010302,-3.491147179610501,0.04258535476556196,-0.2306118522766834,-0.5004652862012886,-0.365456445217525
123,1.1956593348708247,0.7769316241574582,1.6049065505721047,0.2545043467199026,-0.2993485403467051,-2.2945550777575314,-1.0409944387285377,-1.0665792908140381,-3.3641293785709276,-2.0857718253590862,0.10515113123520974,0.6429069611579433,0.40176422349980545,0.32349143459354235
124,-0.7543237591302532,-0.4386057250491647,-1.1744047187659439,-0.7039339871883152,0.4047524075092813,2.3091885463327055,-0.8581703436608545,-0.6872039571442715,1.0658578051448373,1.2100666407066698,0.24621783161565303,0.5736730078117871,1.290899205762355,0.8302607377686151
125,-1.3730227838129205,-1.2060950076473143,-3.9441275126690547,-1.161276094704926,0.7341539156957154,5.138121700938463,0.19174279933396443,0.25345286992328114,5.997067243254736,4.450734099145127,0.010854580372437599,-0.7420265826869024,1.2560088235100728,-0.3299914340747437
126,-0.8496300793288705,-0.9822485270060461,-3.768671636905445,-0.9009387404145615,0.5184186021594893,4.224017054468726,0.7758262210135884,0.5004485556074598,5.989583710955914,4.161703528114806,-0.272622711105512,-1.3228332196516424,0.5960197206510298,-1.2084717744140152
127,-0.04961981855376495,-0.11455876809081633,-0.1767120232237702,-0.11045691732259375,-0.037711204046088034,0.3030942099600822,0.12351944710943132,-0.005941006398687134,-0.09752907986527104,-0.24412344366516123,-0.21203973776340232,-0.16896074056322427,-0.06896979733991594,-0.1661890321023477
