,AF3,F7,F3,FC5,T7,P7,O1,O2,P8,T8,FC6,F4,F8,AF4
0,0.13485842223229574,0.1592812263008574,0.07765100492817822,0.16500269666886042,0.06730282006794276,-0.08154625369491383,-0.017044390768511386,-0.08286627063444936,-0.02642881896326932,0.01030047872918582,0.08022810570588584,0.059424438363301614,0.12979977752158006,0.14381617933631896
1,15.357496744520232,12.491156799770408,8.879206184205927,10.214105734580148,6.816033484543491,6.668015961436823,11.426092910175472,13.958138644115284,18.81098374781733,15.445811388935459,11.180654027279123,8.256571662344962,12.810853774939245,14.18507109267864
2,15.522931884548049,12.18144761409751,9.981260933014465,11.039987449425395,7.127452452929405,6.9188733734527945,13.627655362370788,16.324481167992786,22.384936825310643,18.666335803509583,14.05342915161258,10.053418841973984,14.635953103267534,15.655835244379974
3,3.2479867040674417,2.1868003204059514,3.773383306996411,3.5073600375091534,2.1539249781312715,2.5747099996759872,6.647345204907793,7.047231917803764,10.27004359264365,8.970942730967996,7.144561981360589,4.543664143784021,5.775504246274362,5.282540286821136
4,-6.306702186974282,-4.369031845594847,-2.6245086785960425,-3.455060950125105,-1.706605431698106,0.018153669909798067,-1.619028664092802,-3.6431605589518803,-4.446099131012935,-3.15927941242214,-3.1946181706348766,-2.755816262309133,-3.868124319484034,-5.142011913288556
5,-5.262891130554336,-2.294242734516084,-3.9397939754407236,-4.041035145341473,-1.4097943092008942,0.25636944826246827,-5.04816421109922,-7.359038974610489,-10.121290617245803,-7.903158602606633,-8.469476924832138,-5.39744376996216,-6.389866052327817,-7.030968448417628
6,-0.8362497049017814,0.3294716439083959,-2.0354126852956136,-1.6847608572157196,-0.37118307940229783,-1.4737542579844103,-4.953457483526412,-5.427955605199814,-7.536953374764672,-6.051355787624745,-6.187437008047394,-2.939903990458536,-3.8907476526278946,-3.5393919658585418
7,-2.3496512524211037,-3.7591229602765504,-1.901807033561051,-2.47069614361153,-2.4006347695519703,-6.395706994173582,-5.631725330896719,-4.320920862365569,-5.320151725069363,-5.259415923040182,-1.7615939583114542,-0.7067642957103787,-3.1807118816055944,-2.586923804617551
8,-7.219588266120471,-8.998561337168288,-4.079709237643304,-5.460936321671754,-5.4588598820063305,-8.455747871280796,-6.876646089421583,-5.723649500522386,-6.925216350224036,-7.66506661242712,-0.9100370224147353,-1.9448833436253778,-5.038314346036015,-4.918288024071663
9,-5.632027194511978,-5.372216303918239,-3.949487705514134,-4.095144101192583,-4.254497758933489,-2.792301012186866,-4.144430115461606,-4.470500675743945,-6.233883963248202,-6.3021767515378695,-1.9862283427042011,-3.2925584507739867,-3.603223300487374,-3.8958287936536995
10,3.83413895088878,5.371818944709398,0.9286261877795183,3.1399155146470057,1.8202369831572143,6.235387270773893,3.777654961496423,2.9281750148486796,2.3880096307996252,3.519897297636818,0.4446242343269713,-0.4973160232611461,3.2942714288384507,3.2154572046326524
11,11.061271969291058,10.90572683795745,6.280515733802023,8.940235946441666,6.918364170247369,9.810269773153431,10.91200984872339,11.31212495924215,13.686584499917062,14.283776324475074,5.905989693819631,4.4906239832537675,9.169082368800808,9.67766356465314
12,8.34845003854555,5.922617566337473,6.7415552489709185,6.830471233024219,6.180971278821359,5.5414791799687375,10.597851263854745,12.261124597571374,16.31252728370601,14.209198124014577,7.766829028388937,6.323554128498249,7.6129262743511275,8.273285218024201
13,0.4538453491821335,-0.9282605216339571,3.1011583297302474,0.08541103767176367,1.6979249708973978,-0.6633732307205611,3.6426631047803304,4.733073201695286,6.859110522366019,3.018467725906122,3.1703716227861136,3.982927664611964,1.1301797105772877,1.3044637792223028
14,-3.692294244588739,-1.4994200120447976,-0.21974469664814406,-3.5963137537024905,-1.6138571483206732,-3.1523515123844947,-3.4623980309675857,-4.310698170959855,-6.257163471368523,-7.697748536512715,-2.8557625411071643,0.7359874974293725,-3.467983999034051,-3.612313285709734
15,-3.509469670853246,-0.27304259614421744,-2.4338630525377702,-3.0144371724139107,-2.952608437865878,-2.7245772056145916,-6.872792960504692,-9.119250803956854,-13.179687348254596,-9.797354304667468,-5.081259323303738,-2.1266424465064935,-4.522809875276271,-4.529930646371943
16,-4.385850694641458,-4.47503953564301,-5.560284408146399,-2.9909181850083373,-4.266727631725151,-3.003468355895244,-7.711854222417748,-9.690727629691287,-11.725075060654584,-6.482907974813551,-4.326468093199929,-5.671057750118016,-4.7523531235967065,-5.281381998311953
17,-6.574510032365177,-9.643605788509971,-7.814454711654071,-4.696240967360452,-4.5403277123800265,-4.170018164466059,-6.8954037390668805,-7.14978265133373,-5.349856914708066,-3.4310429924215446,-3.423709166381726,-7.942599218926783,-4.2248871523781375,-6.27420497224767
18,-4.539915343368089,-5.869906066307139,-4.518864100248073,-3.547206854865649,-1.214255147177595,-3.314234078225415,-2.8242015752822027,-1.0386082798358363,2.2811455155845968,-0.38501740767863124,-1.9593629978977154,-4.7238086807450514,-0.8359745761187003,-3.12461014419302
19,3.130631500554714,5.410685061039157,3.746014174018407,2.398969267184822,3.6880166339780853,0.5041894648096323,4.30293600321209,6.588422139428262,8.036430321687087,4.2798925141191075,1.4454447256778105,3.127251115914602,3.756289998560159,4.4887243922516795
20,10.053514928689,12.074647690359445,9.766016658076795,8.062627586570704,4.958660185085116,4.572507143199997,9.780597865777024,10.083131383231647,9.073869844159644,7.530283264649539,5.1909487029895445,8.803643885774534,5.315362859461774,9.855781689869067
21,9.748891135801584,8.015089311506856,8.200802421447046,7.7139599429861185,2.009695182708154,5.876071335625769,8.74409208259034,6.881701962960499,5.406333767873532,5.90094866630446,6.326539785690979,7.8587865947710265,3.6397368227938505,7.892475377031044
22,2.655916044127301,-0.5215080279471405,1.2604987852729896,1.7191474985359898,-0.4436239879392104,4.068160869643598,1.8250798672749817,1.2262833461972829,0.438041524229029,1.331823934666969,3.9594644757465973,2.719315119710846,1.9390482229187294,1.281985460767787
23,-5.5916374183458055,-5.758517966512456,-5.213151044210429,-4.945942971902501,-0.2572199534365878,0.8077097960647719,-5.252338758904425,-2.1035829757704767,-3.131293336000786,-2.1702568951545764,-0.76425626764004,-2.41428076862645,0.2476782751743864,-4.594241003323883
24,-9.623081856762681,-6.762713671953008,-7.512478568961679,-7.87675947178472,-0.5788939859016168,-2.256375143388101,-7.253255904769297,-3.808281678682923,-5.534018789229641,-4.190862599366753,-5.765295189482989,-6.147630258952637,-3.8273308996025266,-7.702884446633904
25,-7.424749173808214,-5.368406807325372,-5.127158671365135,-5.707341840722538,-3.0179522926981273,-4.1844385526163625,-3.8916583541777445,-6.042096673613994,-6.683559622803072,-5.798365618931886,-7.923602976124493,-7.521857105874766,-7.8202348570357145,-7.58122897416953
26,-0.9587884495627381,-1.5952313370647997,0.08683651406975229,-0.24494807916040995,-3.82529814708133,-4.4606409419564015,0.7796159641378484,-6.479337918806294,-4.322344489490349,-5.143032524189233,-4.682702541817757,-4.329115179929011,-5.520243023493604,-2.948541688164274
27,5.059112136678291,3.530283370792269,4.386618177570964,4.486035479064091,-0.1309711205835707,-2.977966818092537,2.720405118895991,-1.912212458856755,1.7417658194396042,-0.2730057143133453,2.3190160316759103,2.6282011039584185,2.736443746148469,4.568571449662665
28,6.662510960761245,6.153148589488318,4.615744414813937,5.324007738277583,4.407625892528102,-0.31202176374121005,1.5004247861254998,4.63803573203124,6.63735674274537,5.626821732597479,7.226108277358914,7.384093714767703,8.103664463641284,8.585373570046912
29,3.936286384168036,4.237725426507013,1.5152689466528038,3.001132224986537,4.29589835215772,2.3730771246092015,-0.24433369423190848,6.4774178391668595,5.570112922923686,6.82791018383328,5.778963946433576,5.245313939320871,5.0411035136358935,5.082394322164437
30,0.25664491462968025,0.5685939519600162,-1.1909609567027715,0.6381125501418147,-0.09365477958337425,3.9341655982122687,-0.32646327442027223,2.5285764349157347,0.3330171057400041,2.482858527035475,0.2598950989302301,-0.6353230050304839,-1.07710348462168,-1.3302267664803418
31,-1.6811744855790685,-1.5119472948306079,-1.3835805806759007,-0.6245288538056494,-3.4683842164659273,3.8282775948821732,0.836100545537958,-1.272059483456754,-2.972811087291724,-2.4088127413041485,-3.2637436514186797,-3.201997834700156,-2.5720481555582437,-3.372601557508849
32,-2.0232222450650252,-2.246710464478013,-0.3442346818826433,-2.098849189681861,-2.829565427036493,2.186265355425005,1.486621632347443,-0.6089082279827368,-1.7768781980251198,-3.463589645565874,-2.171698586844612,-0.899552136892925,-0.25401437887426315,-1.068389402989383
33,-2.058675631776041,-2.9787109715252518,0.07564373740782529,-3.7354020810231003,-0.11201134287133126,-0.3698689244926771,0.8062289222063908,1.8512949339437839,0.8922887167540386,-1.196975462574876,0.3912141251591681,1.1519672239686483,0.04780026012444806,-0.13657827278789367
34,-2.0139904500243118,-2.7443913513123492,-0.24072590708349528,-3.265560830749293,1.741080911649023,-2.8180251399778284,-0.6557616423342034,1.438895933810391,1.6664821986595733,1.2354276667828121,0.5989737087526708,-0.5569178088081332,-2.303312904674146,-2.0896081337144583
35,-1.3297186351856927,-0.4485038297716264,-0.6968129598951824,-0.26910062637597837,1.9319182167238391,-4.013342839493965,-1.933692734921055,-1.9759330723909732,0.4489659304689845,1.6444466417080983,-1.2377705576913491,-2.9901548654244836,-2.7538384584315097,-2.618870886611783
36,-0.027046781522253774,1.9537930370906307,-1.1379644868651506,2.1977421686032343,0.8665054892950682,-3.2901231931457096,-2.1675353545996026,-4.847345004278489,-1.6112574159342212,-0.3324296201031266,-2.304962624635649,-1.9326142934355717,-0.0662642179306511,0.06125284394600429
37,1.1182663071417263,1.8060435112815916,-1.2298919415428713,1.902021388230399,-0.9633332019318092,-0.8852980903632535,-0.8461573639037674,-4.77766061512573,-4.020668379207366,-3.4243419135720905,-1.5437817016620905,1.264990554353242,1.709965717523344,1.9637324194537102
38,1.4080749734071865,-0.01524539316706295,-0.4036808667310381,0.618292985239594,-2.2714810392684845,2.065896019346474,1.4357187559164826,-2.0167460846200864,-5.223023753670934,-4.823528369032055,-0.07630264842485524,1.9636921675334325,0.27593708342807804,0.42976656913632116
39,1.1052737879880457,-0.1596677339336527,1.1198706457840482,1.023228395629279,-1.3814329286360254,3.9098203506714913,2.8846932199798716,2.1790493039055714,-2.2154258590597617,-1.985337512443704,1.373497401266243,-0.2793125278812916,-1.1209676038743823,-1.0376082017835753
40,1.5346820893814477,2.3047930227870514,2.63180614973003,2.6613781611873386,1.435338759343673,3.4560696261782935,2.174168835182938,6.179646781266594,5.149460163620602,4.27496431522224,3.1004061341056963,-0.7783232506775482,1.1214741337629237,1.5798108234463777
41,3.157107850701897,4.227214674880232,3.764247677510283,2.8547635201963346,3.3860166872413853,1.0540194343215041,-0.048647266950301984,7.509060354785917,11.14281965388954,9.191736299098407,4.523339424703406,2.8047865669710883,5.184737079542379,5.833705363263819
42,3.2886898268997284,1.9782803530381359,3.329775696341771,0.05459062398693182,2.0320943672046483,-1.6660752477824339,-2.018360240120582,4.063883747050655,8.887846555254825,7.766224136442918,3.5242649064322684,5.690074132706996,5.567708758364715,5.297211756995643
43,-1.4385847212455853,-4.02964037560833,-0.8404348074394937,-4.649069626022259,-1.8356494905082554,-3.258144184191206,-2.7141493610486815,-3.049308621518863,-1.441074567334283,-0.27456046150516,-1.1069984523010885,1.9317522167078396,-0.30015180925622015,-1.9267734823891047
44,-8.655996829965076,-8.691581524035893,-7.545629904317525,-7.824506920726159,-4.725740812365757,-3.1775603853364727,-2.1858237756777377,-8.774558387574587,-11.332600889755009,-9.150094912041611,-6.7952622227115285,-6.369253197861615,-8.247449640045472,-9.815174989631046
45,-10.029389390042292,-6.672595203845236,-9.832862505419794,-5.672516968798397,-3.6618880128240727,-1.427402658737814,-0.74031614998211,-8.084946181959417,-12.123738169776898,-11.484212812566296,-8.283486283073263,-10.02225145717343,-10.532550986404766,-10.27364427821266
46,-1.4380969354928577,1.536418088432792,-2.5558137954242466,1.7961182066930805,0.8998937593610233,1.2590952226322576,1.1988029428582971,-1.5023818031310894,-3.7779085992946215,-5.252018392230573,-3.231554387274976,-4.072883722058014,-3.797450999880506,-1.9561703854023338
47,9.417780054358355,8.732402092201275,8.364554886456853,8.725887342366761,5.025367468568923,3.0674444998793775,2.804847420147724,4.811758829283974,5.444684176513228,3.891207167723593,4.041760106000534,5.307630339562724,6.1681566562017425,7.530411255068475
48,11.057071241718253,8.155872243009128,11.009452963549442,8.690787085328264,4.838806781008137,2.6034944061997014,3.317287511580515,5.869728933367952,7.919330253720543,8.333083641311855,6.950624335496085,8.313733831000768,9.887184098784385,9.509826550855154
49,2.837834957544112,1.367620295689297,3.0934229370203994,2.3600849434774362,0.74947254907014,0.9140728294098744,2.65667594979785,3.22917346011549,4.1698979868012245,6.264902139170517,4.588848963842308,3.7324344554583746,5.150213732187599,4.050719367176526
50,-4.436541030441493,-3.6609476846759836,-4.540548390469303,-3.2676347969418633,-2.761789589610653,0.1884865222047979,1.007936600730177,1.4513245069211238,0.6365335664844305,2.189719979884073,1.8762800213894166,-0.834610373316828,-0.7586842834818259,-0.862166438607818
51,-3.4142533049913926,-2.7800777022697685,-3.3765364811012955,-3.906447423937585,-2.5807251691455884,0.18281152102484977,-1.7543448681661349,1.0141243057302467,0.8707540596871051,0.020847711745047737,1.2919359883497243,-0.6092478554464955,-1.622205904650651,-0.6366444443247555
52,0.526959815947056,-0.4420049176757938,0.9930340645940716,-2.612665867436504,-0.8653288637380115,-1.57407823849145,-5.210312813175311,-1.3663734193798744,1.4814113626433147,-1.426086311895379,-0.7641747670153245,0.2865316762333252,-0.6738148060082984,-0.07394333292336085
53,-1.227110196886533,-2.0943310264145447,-1.0599408921919924,-3.5646156540519343,-1.3871792582511797,-4.951303005528466,-7.110699172880876,-5.720393044958186,-1.905959934155165,-4.480371329514727,-6.480659845686168,-2.9377875144922725,-3.8490933943799104,-4.613019654024393
54,-6.642050731509499,-5.299048886049007,-7.012800109050816,-4.84036138584222,-3.1135698198695874,-5.513787950736447,-4.482855488204027,-6.847020307275283,-7.06242799457177,-6.89473728139003,-9.99915654504164,-6.735515911168351,-8.289635888204923,-9.777804515700677
55,-5.803636596382589,-3.157839098714884,-5.779728249254698,-1.4678659131660416,-1.302436075312445,-0.2858720705368272,2.719079309104548,-1.5254413165228042,-7.1865599311437265,-4.084332442263725,-4.197266106679141,-4.1895184453078755,-5.258479290086433,-6.163651357291735
56,3.349471034570173,4.4537172119063735,4.101819798343425,5.726240537424456,4.403782723161725,6.735089843207156,9.529838238763938,5.625524327125636,-0.48031460091882827,3.1250995217371136,7.330281676501833,3.5384477615312715,5.414332842640055,5.713685963149882
57,10.228161307652448,8.840787540506815,10.603557861925594,9.248406907640087,7.5048343872057846,8.30951811493651,9.486811688743803,7.099748261210641,6.3651402650877325,7.4460651467617485,12.045312306506903,7.479497406777251,11.999634566255963,13.091794729708512
58,6.14896130329356,4.067876887121111,5.557980246972478,4.507457007302882,3.1859332224639703,2.8319937142924254,1.7392964970812559,2.087746029860072,6.537135153771681,4.236615293086974,4.436760558403707,3.2565641407665584,6.103073133954717,7.027546653661113
59,-2.9935183207848226,-4.088968104923711,-3.508634312368724,-3.496967530294772,-4.183804286938395,-3.6725346107176504,-6.464013235091453,-2.6903569507551834,1.7437339984957136,-1.7703475024982347,-5.837543232057869,-2.7184051345590414,-5.036761158106675,-4.855395051255197
60,-5.402545089320871,-5.701951605986529,-5.244337045791146,-6.375423926427377,-6.4111087717374025,-5.096385733115247,-7.125970013499144,-2.2266849823340307,-1.293768737461424,-2.9269405915679343,-6.680551972126766,-2.5611948456071536,-8.103997190986627,-8.082795076370425
61,-0.3563103416438559,-0.4089886047605801,-0.769195720018743,-2.9003838289452193,-2.2928326126352547,-2.131939452009016,-1.229309886725019,0.478756110477778,-0.7135081977262336,0.4599207131984713,0.2561869725545534,1.984577171902149,-1.6609789425376746,-0.8131934231088622
62,2.417803653871816,3.0268094633530214,0.8101530475807965,0.9363810038538963,1.8451628518938332,0.024291789582985696,2.5675209150009928,-0.12617595835305423,-0.5891869591390893,1.4436990647116152,3.466833223105562,2.8857656950496433,3.670517371373006,4.744687420131905
63,-1.1579126919400657,0.30789276730784115,-1.749960055015434,1.2326130011263114,1.7534235119610977,-1.0059938038466587,-0.15099383105636394,-3.29762866957095,-2.6912804890842486,-1.9658761964735507,-0.7384303754224895,-1.8322595223865203,1.7117570707153371,0.7986304682998869
64,-4.106404483281639,-2.8315783449636758,-1.4651425283528552,0.23990103211189379,0.04432274582819393,-2.3470353324026503,-3.8293996547609694,-3.1428873244864746,-3.2593549352508906,-3.5801737297274583,-3.8207138454925276,-5.3732232350217926,-1.80749739264296,-5.3388605649804495
65,-1.1246679738269467,-0.9652065541912234,2.7678203273561306,0.5223856960227145,0.23255176452557308,-0.6092434568810412,-1.9735796977433684,1.8607724362498446,0.12089313496690247,0.3988063681595124,0.2392733690556074,-2.7187177109642873,-0.5085427737762787,-3.6839918322913134
66,2.7478166193440035,2.2904388796579433,3.288616891707144,0.5458928943407615,1.1026045911005975,3.3251631540327744,3.2264165020135303,5.580521320490937,3.5994167971743667,4.400188961080564,5.031709880564197,2.0529434103879955,2.3857592655158575,3.034983140396111
67,1.3972201601676548,1.0769710846790808,-2.5415751484059284,-1.2204970853812895,0.12939182943648536,5.580174927375976,5.315565271215177,2.783396692268139,2.5274671489245875,1.9495906806620757,2.2367818447287102,2.563319987510436,0.6695527553137638,4.653024875239105
68,-1.850279453450269,-2.40874508779165,-6.064714608103364,-2.167364747452925,-1.2955493213919813,4.019538504416543,3.4125836750880243,-3.0133806479178387,-1.5871614588758534,-3.8874735892162446,-4.604749168704355,-0.1883822493926594,-3.7262659641740976,-0.17136156333842192
69,-0.26892012108297103,-1.5757189491215804,-0.6241512422961917,0.4721239491927915,-0.33211546919717483,0.016778451836260505,1.2522134122546218,-4.42683927740804,-3.4641737334269944,-4.869469222644906,-5.188492491839294,-0.3328780600366636,-3.6275315235591594,-2.864175401299748
70,4.446552577069284,3.1750722265098092,6.99950721072534,4.155303204004522,1.8725659887509427,-3.718700037807424,-0.5066951005357618,-0.5397683947312111,-1.31730547700456,0.3140961073696587,1.647747147975473,2.964432394348062,1.755424981397554,0.5751466633202765
71,4.634114090502786,4.634573467973296,6.441612151664126,3.941454381508048,1.7880987774063493,-5.212000721388489,-3.6606420813306926,2.8123764409893544,1.974675001328146,4.91577194437614,6.219434818702235,4.260267094917955,5.455987388325401,3.8134576099443125
72,-0.9729254309172702,0.30304700389831823,-0.6079849526041329,-0.3066241096343896,-0.6340876219507905,-3.701466099165926,-6.010857286388861,2.1806106374260965,3.60101131888101,4.334623742939618,2.7050100947650337,0.5620246761368027,3.2196093142931295,1.3779706157749085
73,-5.374063329573566,-3.94543443294358,-4.124817363943766,-3.8598394559048943,-2.2228489122152872,-0.2150567328559399,-3.4225575484069255,0.25307921716170595,3.0698393429989648,1.0824620641406066,-2.958659439928158,-4.269449965845189,-1.1430153261004043,-2.9036585559507233
74,-4.142341269660711,-3.3979154203876387,-1.9238718935467194,-3.8842746236204757,-1.958060643817377,2.54639176765186,2.1779636009980243,-0.193108210435216,0.6250131632847573,-1.1831852315224975,-3.1520219977117376,-5.412540187185262,-2.6598175019643717,-3.1544495341404684
75,-0.868541039333799,-0.6621127870717847,-1.3330302001961538,-2.0345348980604414,-1.4098339221844678,2.816385521372908,4.393557570987743,-0.5412881018556706,-2.890454403639493,-2.6294205988019077,0.5106207476827404,-2.9666375787535615,-1.850563139797217,-0.5163178789845289
76,0.14186377510940684,0.377508191167155,-4.820180614070847,-0.20862834639910563,-0.5045990726083661,1.774263128091357,1.9481019883474306,-2.3289102143809868,-4.95880941086686,-4.079727833610383,1.469205298920599,0.09829632824102401,-1.5727952515471988,0.3373819189967007
77,0.1909713988436309,0.4005822523501772,-5.047617313110697,1.7028196826159343,1.9517683775791865,1.1795491404152139,-0.4172849149748233,-3.4307831348324607,-3.5503170087595515,-3.8343280524269474,-1.4227684363542263,2.317752394276165,-1.7255996737649955,-0.9209828857483285
78,2.025652798319979,1.207023093862017,2.3051504425862355,3.1206684641612057,3.9846362850703123,0.3751710407204768,-0.443217798153868,-1.2753629278901337,-0.10839624639665475,-0.6780115731974276,-3.40588585986524,3.7349013190466227,-0.545293878803461,-0.9350587175912255
79,4.410720758231146,1.9044056608413782,10.108511965448635,2.5133154754876776,2.3428909712134343,-1.693296300849248,-0.38602590080295573,2.863055288653282,2.4950870001754377,3.3642970833648747,-1.1714994358262318,4.036177421289348,1.8940057282001326,1.6679357737516436
80,4.445491911440663,1.6886092482854678,9.616318162180551,0.8525979670350884,-1.4045549056773847,-3.054411627986792,-0.6259089257475131,5.322263442132656,3.91904115076071,5.647987625186331,3.554537530499864,2.7896490844439223,4.110115413995411,4.832127940752681
81,1.7237668990856074,1.5927292373784947,1.954878281783888,0.630529913782076,-2.430060446452968,-1.0908992941187083,1.0195308226554909,4.111563224264671,4.894425622680389,5.354502778066801,6.364708887978685,0.16161733950729767,4.586583729528851,5.294471127964865
82,-2.540129203111076,0.9201175683199513,-5.656554212653015,0.6326344188334108,-0.42707168606411205,2.42951225115553,3.0229589815038964,0.06684716860998782,3.5312373448109837,2.078687871276983,3.789998138304279,-3.421374429371129,1.554834050574982,0.8417479312233987
83,-7.0679486037356805,-2.7833916292601866,-9.49874600523605,-2.7156987704655973,0.07438823472891506,2.8414196890582657,0.9229063128198639,-4.260691056628801,-2.0177926924765117,-4.0338077453817975,-3.4120568264112667,-6.707880144060796,-4.872026469216404,-6.819107648685835
84,-8.80835145026562,-7.395958760804133,-9.379968084526373,-7.414606866516338,-2.2276929266187038,-0.6115896553498352,-4.2051541429220665,-5.826665395789836,-8.004642437343621,-9.141701559327398,-9.070085228044643,-6.708600195736422,-9.350806440109823,-10.93123150761051
85,-3.7718993664128653,-5.834905755863563,-4.05397058365595,-5.892527222998563,-2.922554243270844,-3.2647893126325336,-5.407202985945672,-3.1984321298289475,-7.763358396668114,-7.385377131248025,-6.588514586764303,-1.1454272707075202,-5.245877803235135,-5.47787616434131
86,6.608161894854265,3.4904784247853753,5.994573128345989,3.5863808409905973,0.7770412549606895,-1.561801489624686,-0.38143672805936774,1.4059102759094815,-0.731056803109627,1.2814448764447406,2.8423797578314587,7.1493443112644215,5.529611125887728,6.39514005738546
87,13.151250018607712,11.1013225205289,13.55616081144669,11.390590095669905,5.057490287382092,2.0116026145455743,4.296396154172741,3.8553873432000585,5.972324297171985,8.721275482132565,9.762310537382831,10.906100428536472,11.675530582690865,13.391165693332876
88,8.166691473323175,7.530335608025727,10.242749741373448,7.890322438896482,4.580852874169246,2.648001998122371,2.917393310657842,2.7525935045083134,6.487789353725411,7.71628590545308,6.825723488336549,5.755527113409719,5.779164841568774,8.084720483152832
89,-3.99982470563967,-3.355420095322892,-2.0481893264174156,-3.2882311067654606,-0.36052961977264614,-0.1447194949626808,-1.1295162066371287,0.6882028420923575,2.710546415630629,0.7770346909955276,-2.2949253687446256,-4.13216363891842,-5.388600500079826,-4.116126332848135
90,-10.86745534011999,-9.002726489424672,-11.20138808081798,-9.550637357903708,-4.447669313305895,-2.38699276553789,-1.4995968282831835,0.1773772442305448,-0.20958099511355532,-3.9186185257276853,-7.480175473446939,-9.841768709281176,-9.218034388811331,-10.823242624467543
91,-6.842250720042634,-4.700709920661801,-8.903037067216268,-5.406882046139125,-3.9254627871388243,-1.457465644974332,1.2339192720733525,0.4096160875373892,-1.1792362299650883,-3.3033061317332484,-4.504788785117747,-7.1219795851305525,-3.41010412725389,-6.72991262849477
92,0.8537240594714924,1.796991465863107,-0.1499292675914034,1.9908299772104854,-0.40860747216053683,0.8342186838292535,1.722063976268432,-0.5789501242670095,-2.483190939483261,-1.4630352457741043,1.078063309710892,-0.2088713345455458,2.7927005454500127,1.3989480147205922
93,3.3258441298748513,2.8244520415326297,4.563307190908188,4.009286043689778,2.0378450648053144,1.6890159888412146,-0.7625660700759426,-2.26989726925662,-4.055409049196692,-1.5881648818048826,2.79849677061238,4.195519260085882,2.8737036386825316,4.572522432344902
94,1.5406793072190204,0.5931792842297339,2.7840591807131445,1.2350276753102776,1.9166555651952488,1.1991888846077803,-1.622686515398236,-2.33181593340478,-3.0085893699367547,-1.3640208014873951,1.4534473682685547,4.45942240634274,0.771422574673961,2.5086479296378745
95,1.9135865620291088,0.8606877120661115,0.6614534200861821,-0.20136021822087696,0.9574591478630632,0.9280519416678739,0.7129007356604196,-0.25539569848598703,0.9782365768600391,1.627571893697031,1.3969865275895514,3.52399794008305,1.8686535263683872,1.1626433830258212
96,4.584005704098531,2.795246838719242,1.8888754557148686,1.339663167973875,0.591902467875006,0.5833839752169971,1.9896418195372154,1.697962386080409,3.871705487658438,4.40383169032734,2.3827068246426624,2.79136238645562,3.5778063802157645,2.2912987016191853
97,3.464216309321674,1.3540864171581368,2.7778364268008864,1.8284898007973762,0.13685308853640282,-1.0834874969575043,-0.6022320521682724,1.471277952535383,2.687637607672492,2.5980916339666877,0.5723612880890845,0.4362250701623984,0.6380331524024769,1.630970337959067
98,-2.8600016100139913,-3.1301227932509423,-0.29427651348383227,-0.945060131573773,-1.041343442583903,-2.9943548700148295,-3.5537494405229193,-0.22186539971235528,-0.2572735161938108,-2.2246057764543896,-3.635398993385171,-3.895246860497323,-4.906694824935611,-2.5898640087202303
99,-7.717861282278498,-4.639774870799547,-4.461443172203324,-3.814946143606996,-1.861604607700539,-2.634435574739955,-2.6394465017800814,-1.0642947787243582,-1.0593707218538622,-4.028068138352441,-4.976018237173558,-6.6309307253370156,-6.0996252021327715,-5.743136760888019
100,-5.765334912177454,-0.855479687396889,-4.869885846543691,-3.1918727746837545,-1.3381715424278993,-0.2989771583674854,0.4911240120108223,-0.15548433702544096,0.003282947004284588,-0.9644794331271372,-1.4892495427202945,-4.655284399655686,-1.644963763246019,-3.8211494215660133
101,0.11120809863903625,3.1556603658810016,-1.4900409492520506,0.12218482523563125,-0.2586965149055672,0.9907110043212082,1.547178820516108,1.1653216993872035,-0.14904195417089397,2.1190681470400183,2.36932273889913,0.4054530505980667,2.680426907760117,0.7353770458863021
102,4.21677927849448,2.661046634453976,2.27224412068845,2.877868917587931,0.46669725584973476,0.6693518412280923,0.8450856082958665,1.4142089869949401,-1.486299785934254,1.3862041578339863,2.993226270449701,4.550927750041908,3.2946006289415912,3.526667781263715
103,5.410143978731711,-0.10074188775022083,4.563746644118049,3.5164952858699623,1.4854971319257193,1.8461747977483771,2.1549592798986072,0.7035561891144909,-0.7150338088605909,-0.3631660158123609,2.551750852864303,6.0161269149750005,3.003046383972699,4.271378584280458
104,5.246970838619625,-0.42937329052020523,4.929853277580962,2.376269363296288,3.018554794632593,5.136189272783076,5.026500991471161,-0.16735636108778473,2.3979036227965747,0.7216942209732813,3.210346352888356,5.11130258435647,3.9380806408533457,4.397555077907768
105,2.824068119751241,1.033900525655476,2.0089062713356163,-0.17586404336832342,2.6811227549242838,5.292200727052713,3.873536592743967,-1.2423621496066894,3.004192704192611,2.1949728053385615,1.7591900833274334,1.537116162564659,2.466790315222774,2.2515345362819614
106,-3.1946007453000087,-0.14525434365593365,-4.023189829403058,-3.32414900375726,-1.4553824162698692,-1.52066419092859,-3.313180610873108,-2.65859907517764,-1.6906644362793464,-0.7490415442077852,-4.356857888071242,-4.451512838115382,-4.109206993615087,-3.7617723236889185
107,-9.010225372827154,-3.8322528138566754,-8.180519572048981,-4.593505019917011,-5.915103642250637,-9.620920574894361,-9.686777819209777,-2.9233825354681326,-6.412909555672533,-5.740536698416615,-9.373718542892684,-8.88961885214142,-9.95352801565097,-9.10686413095859
108,-7.878216436581081,-4.0483877081055075,-4.898749139310253,-1.8507472038513606,-4.33621812996343,-9.184206595895406,-7.134144536447595,-0.1038760908759621,-3.6724276037841834,-4.708425471771285,-5.108103136715008,-6.495250624092582,-6.6295052544059345,-6.645874253493913
109,0.6823655338761627,1.8353599016722877,3.8445525816463215,3.08882066285644,3.1063198347800496,0.17487792566923266,2.493077389602047,4.455492852036912,4.990194428342862,3.6354141397520237,5.9914482385557575,2.0951566638125954,4.188193315344656,2.831937366866933
110,8.207555514362623,7.281303087665626,8.943720870826116,5.1184781229595036,7.3598452441964355,7.674972017232573,8.433424800982081,5.787194276730421,9.096646324310774,9.469907725412293,11.355202330265055,8.772085575830125,10.794450174800334,9.35923744929313
111,7.097067179579891,4.6565725277130685,4.841138967799054,1.6969706566905134,2.0375894465664155,5.7011997041686024,4.361522149170487,1.0753281500029952,2.8501741089274533,4.540979887788746,4.4912870036861126,6.718747559468262,6.195337787743946,6.058300488181686
112,0.2854713191706665,-3.470434993546221,-3.334309024751693,-3.247136413590374,-6.311037684091834,-0.3137479085475953,-3.363870095045032,-5.359813574057201,-6.2931710135735734,-5.63837156001074,-5.826393686393065,-1.0285990047715625,-2.9988261731481165,-1.8419907066734114
113,-3.322366430847293,-7.146427464842671,-6.349138807553633,-3.6873350728183025,-6.1491138260547,-1.165968481500055,-4.16227102289716,-6.191317943688014,-7.394801638923073,-8.717958197811445,-7.508568051873021,-5.402283093473673,-6.126642429981243,-4.622687540062438
114,-1.375590935416174,-2.7500960655523605,-2.4333072780042224,0.4851764041133706,2.4594221422660367,2.2375319525397885,2.517542603518511,-0.4734325857500463,-0.728749577475804,-2.1825302497484143,-1.1749333936910409,-2.974082912088317,-2.2762169100941803,-1.2814040091245051
115,0.08241240036962824,2.7272398199112162,1.8881772308621836,3.1178276741348183,7.4603006621019246,1.7554814164736283,6.6290480790799435,4.7669624097059895,3.971552757522468,4.424805749998677,2.9053984892696536,0.7855791955332537,0.9789528164055756,0.9477715053578656
116,-2.300586858574279,2.8652468732869623,1.8352890400946686,0.682534582942805,2.3354301057496327,-3.860820508342289,1.5817286804812045,3.905594199902125,2.2409395832682866,3.9433522580787193,0.8500722239489732,0.8386020416022226,-0.0724336831657158,-1.2326839223060853
117,-3.629104331079628,0.45177222870585143,-0.004662422524308568,-2.5190046915249305,-4.6853293390085335,-6.608619507506555,-6.698383940052936,-0.2626097602039793,-0.36707695002300317,0.21388719909278164,-0.9931348511940729,-0.45650487354174046,-1.2329775489734616,-2.9150247777771314
118,0.08931766576665098,0.7009675779907198,0.19077340681945143,-1.348488092217618,-3.7603280229215628,-2.004060640113532,-8.172489926414917,-2.03602691460611,0.6458028679358748,-0.5524517761390108,1.4115916861152145,0.6520433258004221,0.861794724304517,-0.3192521880361299
119,4.104043340163348,1.9472189194411114,1.0071169349423477,1.90043547844209,1.9045657537946712,3.9042181483922556,-1.923200620760942,-1.3084358956073348,1.5592600540154047,0.4902535498468985,3.0097295093127925,1.8224623150638637,2.8906868400594252,2.810918376614155
120,2.5851965341594894,-0.2495947505659591,-0.3277868459662653,1.6709906263224485,2.5902839538018307,4.033676539121131,4.345254711038369,-1.3642486978000385,-1.3441223343400202,-0.7367198688562171,-0.47741845982365505,-0.5104006002096144,1.1554254047785486,2.1378072566803255
121,-1.1558163660747884,-3.8380451534469797,-1.6986829075518257,-1.289079337660668,-1.981189376209282,0.42868694621397535,5.588869473307179,-1.4133979013334173,-3.8240549001806787,-2.6285192486721214,-4.011888572598778,-2.936504848175638,-1.6097322148947957,0.1757598532960044
122,-0.25268332024438567,-2.9863669012697396,0.3724762778149546,-1.4732088656479843,-3.3679847819243496,-0.521301053635909,3.7844530391940197,1.5463685470491064,-0.6963987834295917,-0.8868576951867342,-1.3422703076777178,-0.010595765026391143,-0.842125491706913,1.187349184428024
123,3.3214638444892857,1.701963913255102,3.364881958989482,1.4824128041915074,0.8763972071038513,1.3384385972113915,1.5294909344107903,4.846855077281028,4.251968901803082,2.8241883028266366,3.8903184253211003,4.8954820521291875,1.864755219033674,2.860244873663089
124,1.5245363884495533,3.5386589470563754,1.6403706895273142,2.057236970306188,3.78016557206496,0.8411651948071976,-1.7567074529914997,2.3620523845422765,3.2550112027264575,2.631609607095766,3.2700611144149736,3.1789873723693174,1.2370436374703826,-0.10583358067034115
125,-5.3759304644964825,0.4870591157970628,-3.820402146317851,-1.3029306031525043,1.3614884286961488,-2.7576389922371747,-5.376099478689962,-4.526911427202611,-2.8623157376289163,-1.687042624705142,-2.8256868243190927,-4.481105612714288,-2.6740914433213976,-6.005104425414235
126,-7.398681243799159,-1.8803401533414899,-5.421865802566483,-3.1035758142131304,-1.3465513077495237,-4.002289922843206,-5.310646925863616,-6.503465186659857,-5.1458552362643,-3.5934772390026835,-5.26389825961121,-7.194858880766787,-3.996969830802651,-6.899392803592588
127,-0.31788947483495267,-0.03829531336115487,-0.23288374276477777,-0.14533124864030322,-0.15453315845937607,-0.29407926624667224,-0.2694323221148628,0.03465820762744476,-0.015709171496895324,-0.037048818675731815,-0.18898762674192138,-0.31955350998275217,-0.2351285295305386,-0.2570285122536564
